inicio
1/0.879316830759,-0.268644762997,-0.333428404637,-0.228776873541,-0.812594758713,0.264073822843,-0.0478299559895,-0.193573695712_0.729665580206,-0.930556032043,0.0813412157832,0.180901643994,0.24432012453,0.107151813173,-0.284282978506,0.307722512264/-0.704590171113,-0.337087756853/0/
2/-0.468249811126,0.583014221323,-0.00555702562835,0.846992638084,0.728963340586,-0.404392774314,-0.336447738102,-0.150133620127_0.172006885012,0.740202002208,0.42671263647,-0.931724615151,-0.266264734142,0.360946113405,0.0905911346334,-0.0441040353883/0.874644275976,-0.57215401648/0/
3/0.523651794537,0.248913671667,0.560168493814,-0.729788963315,0.769754306648,0.0200906151298,-0.26179568807,0.730936177262_0.229301337968,0.671934614185,0.853425346368,0.523694380922,-0.870860447693,0.47629840362,-0.312927524726,0.919289043481/0.492171227941,-0.756520024003/0/
4/0.79275171514,-0.957834210112,0.342697836589,0.382672593864,0.789727186621,0.277191293002,-0.13895773832,-0.157370140159_-0.904779468567,0.315488789027,0.706554954063,0.696916888113,-0.49830104032,-0.948645458672,-0.204687875982,0.520782168426/-0.546532809888,0.328503894145/0/
5/-0.629282249613,-0.283114882519,-0.439374421199,0.24343454059,-0.284543436231,0.93149908034,0.000635778323402,-0.272625457417_0.711879410339,0.648431048476,-0.396616130277,0.546019433295,0.496108213437,-0.446118073731,-0.864688018274,-0.541396758038/-0.527737278728,-0.800214683262/0/
6/-0.703870154848,0.858254998306,-0.647531617949,-0.986367592315,-0.030311427804,0.353269914115,-0.72503538527,0.146503829536_0.628197250028,-0.524292418303,0.226707651852,-0.791345898231,-0.254114120685,0.000226053126199,-0.793050124843,0.297283387306/0.0948920487008,0.0843263270714/0/
7/-0.107641372234,0.170946127955,0.549037317809,0.67241752434,0.354588463405,-0.318112124993,0.159412914976,-0.109969489814_0.572507097268,-0.263483108762,0.856041891331,-0.954498340846,-0.885936510267,-0.347044397752,-0.92797549563,-0.63602354498/-0.320346318572,0.318849101386/0/
8/0.445273831474,-0.381988460526,0.319532209874,0.906080663255,0.0161027930254,0.287893734063,0.272839442867,-0.128042905269_-0.652377100591,-0.208541264814,0.452871246025,-0.70097411066,-0.132856498474,-0.279116108543,-0.284528166409,0.607941753652/-0.587354243204,-0.929708819565/0/
generacion
8/0.445273831474,-0.381988460526,0.319532209874,0.906080663255,0.0161027930254,0.287893734063,0.272839442867,-0.128042905269_-0.652377100591,-0.208541264814,0.452871246025,-0.70097411066,-0.132856498474,-0.279116108543,-0.284528166409,0.607941753652/-0.587354243204,-0.929708819565/16.2321113147/
3/0.523651794537,0.248913671667,0.560168493814,-0.729788963315,0.769754306648,0.0200906151298,-0.26179568807,0.730936177262_0.229301337968,0.671934614185,0.853425346368,0.523694380922,-0.870860447693,0.47629840362,-0.312927524726,0.919289043481/0.492171227941,-0.756520024003/17.4346551693/
2/-0.468249811126,0.583014221323,-0.00555702562835,0.846992638084,0.728963340586,-0.404392774314,-0.336447738102,-0.150133620127_0.172006885012,0.740202002208,0.42671263647,-0.931724615151,-0.266264734142,0.360946113405,0.0905911346334,-0.0441040353883/0.874644275976,-0.57215401648/18.3819629099/
1/0.879316830759,-0.268644762997,-0.333428404637,-0.228776873541,-0.812594758713,0.264073822843,-0.0478299559895,-0.193573695712_0.729665580206,-0.930556032043,0.0813412157832,0.180901643994,0.24432012453,0.107151813173,-0.284282978506,0.307722512264/-0.704590171113,-0.337087756853/16.50187643/
7/-0.107641372234,0.170946127955,0.549037317809,0.67241752434,0.354588463405,-0.318112124993,0.159412914976,-0.109969489814_0.572507097268,-0.263483108762,0.856041891331,-0.954498340846,-0.885936510267,-0.347044397752,-0.92797549563,-0.63602354498/-0.320346318572,0.318849101386/18.8730891957/
4/0.79275171514,-0.957834210112,0.342697836589,0.382672593864,0.789727186621,0.277191293002,-0.13895773832,-0.157370140159_-0.904779468567,0.315488789027,0.706554954063,0.696916888113,-0.49830104032,-0.948645458672,-0.204687875982,0.520782168426/-0.546532809888,0.328503894145/16.7526500165/
6/-0.703870154848,0.858254998306,-0.647531617949,-0.986367592315,-0.030311427804,0.353269914115,-0.72503538527,0.146503829536_0.628197250028,-0.524292418303,0.226707651852,-0.791345898231,-0.254114120685,0.000226053126199,-0.793050124843,0.297283387306/0.0948920487008,0.0843263270714/31.3900977766/
5/-0.629282249613,-0.283114882519,-0.439374421199,0.24343454059,-0.284543436231,0.93149908034,0.000635778323402,-0.272625457417_0.711879410339,0.648431048476,-0.396616130277,0.546019433295,0.496108213437,-0.446118073731,-0.864688018274,-0.541396758038/-0.527737278728,-0.800214683262/19.735143632/
generacion
1/-0.107641372234,0.170946127955,0.549037317809,0.67241752434,0.310447773805,-0.318112124993,0.256970356882,-0.109969489814_0.658808150156,-0.493681518175,0.300758356453,-0.765610127745,-0.254114120685,0.0259618236118,-0.793050124843,0.297283387306/-0.320346318572,0.0843263270714/20.885624621/
4/0.79275171514,-0.957834210112,0.342697836589,0.382672593864,0.789727186621,0.277191293002,-0.13895773832,-0.157370140159_0.729665580206,-0.930556032043,0.0813412157832,0.180901643994,0.24432012453,0.107151813173,-0.284282978506,0.307722512264/-0.546532809888,-0.337087756853/18.1706955434/
8/0.415958934668,-0.384257186156,0.317263484244,0.876765766449,-0.0132121037804,0.258578837257,0.243524546061,-0.130311630899_0.741568172502,0.678119810639,-0.366927368114,0.583529433205,0.533618213347,-0.408608073821,-0.952111099859,-0.503886758128/-0.587354243204,-0.800214683262/17.7889646672/
7/0.887801998366,-0.26015959539,-0.32494323703,-0.241742249469,-0.825560134641,0.27255899045,-0.039344788383,-0.262357953962_-0.904779468567,0.315488789027,0.654568770557,0.695632827346,-0.49830104032,-0.998533508548,-0.204687875982,0.519498107659/-0.704590171113,0.328503894145/15.1225009685/
5/-0.629282249613,-0.283114882519,-0.439374421199,0.24343454059,-0.284543436231,0.93149908034,0.000635778323402,-0.272625457417_0.628197250028,-0.524292418303,0.321610456218,-0.791345898231,-0.254114120685,0.00109696409723,-0.793050124843,0.297283387306/-0.527737278728,0.0843263270714/26.0927072585/
2/-0.703870154848,0.858254998306,-0.647531617949,-0.986367592315,-0.030311427804,0.353269914115,-0.72503538527,0.146503829536_0.711879410339,0.648431048476,-0.396616130277,0.546019433295,0.496108213437,-0.446118073731,-0.864688018274,-0.541396758038/0.0948920487008,-0.800214683262/15.2011496748/
3/-0.703870154848,0.858254998306,-0.647531617949,-0.986367592315,-0.030311427804,0.353269914115,-0.72503538527,0.146503829536_0.572507097268,-0.269054185136,0.856041891331,-0.954498340846,-0.885936510267,-0.347044397752,-0.92797549563,-0.63602354498/0.0948920487008,0.318849101386/13.8811003142/
6/-0.629282249613,-0.283114882519,-0.439374421199,0.24343454059,-0.284543436231,0.92024163889,0.000635778323402,-0.248048761724_-0.709837348907,-0.208541264814,0.452871246025,-0.70097411066,-0.132856498474,-0.279116108543,-0.284528166409,0.528823466238/-0.527737278728,-0.929708819565/15.3574547693/
generacion
2/0.337193017773,-0.384257186156,0.317263484244,0.876765766449,-0.0132121037804,0.258578837257,0.266169678884,-0.130311630899_0.717291499282,-0.479486301959,0.410704705472,-0.702251648977,-0.344241337431,0.0459030804415,-0.703955875589,0.20715617056/-0.587354243204,0.0843263270714/20.0780261279/
8/-0.703870154848,0.942740737846,-0.615718283986,-0.954554258352,0.0541743117362,0.437755653655,-0.783790278514,0.0877489362918_0.729665580206,-0.930556032043,0.0813412157832,0.180901643994,0.24432012453,0.107151813173,-0.284282978506,0.307722512264/0.0948920487008,-0.337087756853/15.8120413107/
6/0.707696390906,-0.957834210112,0.342697836589,0.382672593864,0.789727186621,0.324521084167,-0.13895773832,-0.157370140159_0.572507097268,-0.221140873665,0.856041891331,-0.954498340846,-0.885936510267,-0.347044397752,-0.92797549563,-0.63602354498/-0.546532809888,0.318849101386/21.5099609311/
1/-0.629282249613,-0.369928493672,-0.415986144989,0.24343454059,-0.253967742138,0.9436299151,-0.0861778328296,-0.217473067631_0.598046080837,-0.338631553169,0.786464523298,-1.02407570888,-0.9555138783,-0.397175513817,-0.902436512061,-0.705600913013/-0.527737278728,0.318849101386/14.2142314579/
4/0.79275171514,-0.957834210112,0.342697836589,0.382672593864,0.77891954092,0.376158961905,-0.13895773832,-0.157370140159_0.628197250028,-0.524292418303,0.321610456218,-0.791345898231,-0.254114120685,0.00109696409723,-0.793050124843,0.297283387306/-0.546532809888,0.0843263270714/27.2536646105/
7/-0.629282249613,-0.283114882519,-0.439374421199,0.169073321553,-0.284543436231,0.93149908034,0.0252039591868,-0.272625457417_0.774921513593,-0.89178159248,0.120115655347,0.0850324671212,0.24432012453,0.107151813173,-0.284282978506,0.211853335391/-0.527737278728,-0.337087756853/14.4800957852/
3/-0.703870154848,0.858254998306,-0.647531617949,-0.910218800883,-0.030311427804,0.353269914115,-0.72503538527,0.206239682132_-0.709837348907,-0.208541264814,0.452871246025,-0.70097411066,-0.133879149621,-0.34875311157,-0.284528166409,0.528823466238/0.0948920487008,-0.929708819565/13.1671123305/
5/-0.621883716038,-0.283114882519,-0.439374421199,0.24343454059,-0.284543436231,0.93149908034,0.0643319898561,-0.272625457417_0.679872874623,0.678119810639,-0.37383187602,0.599977952609,0.526713705441,-0.408608073821,-0.952111099859,-0.503886758128/-0.527737278728,-0.800214683262/17.1355124024/
generacion
1/0.707809992227,-0.957834210112,0.342697836589,0.382672593864,0.77424042424,0.376158961905,-0.13895773832,-0.157370140159_0.790620249068,-0.795058169597,0.135814390822,0.100731202596,0.260018860005,0.203875236056,-0.187559555623,0.227552070866/-0.546532809888,-0.337087756853/17.197907688/
4/0.707696390906,-0.957834210112,0.337742388572,0.382672593864,0.789727186621,0.324521084167,-0.13895773832,-0.157370140159_0.729665580206,-0.930556032043,0.0813412157832,0.180901643994,0.24432012453,0.107151813173,-0.284282978506,0.307722512264/-0.546532809888,-0.337087756853/17.9275025569/
5/0.337193017773,-0.384257186156,0.382944670308,0.874124921839,0.0524690822837,0.258578837257,0.266169678884,-0.130311630899_0.721749844579,-0.930556032043,0.0734254801562,0.117129196957,0.24432012453,0.107151813173,-0.284282978506,0.243950065227/-0.587354243204,-0.337087756853/17.8065822369/
8/0.337193017773,-0.384257186156,0.317263484244,0.876765766449,-0.0132121037804,0.258578837257,0.266169678884,-0.130311630899_0.640890050022,-0.511599618309,0.254995576484,-0.857960777965,-0.254114120685,0.00109696409723,-0.859665004577,0.210561225358/-0.587354243204,0.0843263270714/31.3471662169/
6/0.760880917971,-0.979366740387,0.31082703942,0.361140063589,0.747048743751,0.35462643163,-0.170828535489,-0.189240937328_0.717291499282,-0.479486301959,0.410704705472,-0.778124777226,-0.300102851492,0.0459030804415,-0.703955875589,0.20715617056/-0.546532809888,0.0843263270714/20.8532269299/
3/-0.629282249613,-0.283114882519,-0.439374421199,0.169073321553,-0.284543436231,0.93149908034,0.0252039591868,-0.272625457417_0.628197250028,-0.524292418303,0.321610456218,-0.791733565407,-0.254114120685,0.00109696409723,-0.793050124843,0.209932255696/-0.527737278728,0.0843263270714/27.6977211205/
2/-0.703870154848,0.942740737846,-0.590402846314,-1.01797054133,-0.00924197124632,0.376217618068,-0.758474840842,0.0877489362918_0.63526919793,-0.571503894923,0.32868240412,-0.794269241941,-0.436258930395,-0.0510065171028,-0.795973468553,0.245593556116/0.0948920487008,0.0843263270714/41.9748566546/
7/-0.744384714428,0.893526157651,-0.615718283986,-0.954554258352,0.0541743117362,0.437755653655,-0.783790278514,0.0877489362918_0.572507097268,-0.221140873665,0.856041891331,-0.924677487738,-0.885936510267,-0.35857841402,-0.92797549563,-0.63602354498/0.0948920487008,0.318849101386/14.9318135074/
generacion
5/0.337193017773,-0.384257186156,0.382944670308,0.874124921839,0.0524690822837,0.258578837257,0.266169678884,-0.130311630899_0.721749844579,-0.930556032043,0.0734254801562,0.117129196957,0.24432012453,0.107151813173,-0.284282978506,0.243950065227/-0.587354243204,-0.337087756853/17.9534836645/
4/0.707696390906,-0.957834210112,0.337742388572,0.382672593864,0.789727186621,0.324521084167,-0.13895773832,-0.157370140159_0.729665580206,-0.930556032043,0.0813412157832,0.180901643994,0.24432012453,0.107151813173,-0.284282978506,0.307722512264/-0.546532809888,-0.337087756853/18.0807987691/
1/0.707809992227,-0.957834210112,0.342697836589,0.382672593864,0.77424042424,0.376158961905,-0.13895773832,-0.157370140159_0.790620249068,-0.795058169597,0.135814390822,0.100731202596,0.260018860005,0.203875236056,-0.187559555623,0.227552070866/-0.546532809888,-0.337087756853/17.2186685891/
8/0.337193017773,-0.384257186156,0.317263484244,0.876765766449,-0.0132121037804,0.258578837257,0.266169678884,-0.130311630899_0.640890050022,-0.511599618309,0.254995576484,-0.857960777965,-0.254114120685,0.00109696409723,-0.859665004577,0.210561225358/-0.587354243204,0.0843263270714/29.9355658702/
6/0.760880917971,-0.979366740387,0.31082703942,0.361140063589,0.747048743751,0.35462643163,-0.170828535489,-0.189240937328_0.717291499282,-0.479486301959,0.410704705472,-0.778124777226,-0.300102851492,0.0459030804415,-0.703955875589,0.20715617056/-0.546532809888,0.0843263270714/20.854997755/
3/-0.629282249613,-0.283114882519,-0.439374421199,0.169073321553,-0.284543436231,0.93149908034,0.0252039591868,-0.272625457417_0.628197250028,-0.524292418303,0.321610456218,-0.791733565407,-0.254114120685,0.00109696409723,-0.793050124843,0.209932255696/-0.527737278728,0.0843263270714/27.7289790473/
2/-0.703870154848,0.942740737846,-0.590402846314,-1.01797054133,-0.00924197124632,0.376217618068,-0.758474840842,0.0877489362918_0.63526919793,-0.571503894923,0.32868240412,-0.794269241941,-0.436258930395,-0.0510065171028,-0.795973468553,0.245593556116/0.0948920487008,0.0843263270714/42.5933406947/
7/-0.744384714428,0.893526157651,-0.615718283986,-0.954554258352,0.0541743117362,0.437755653655,-0.783790278514,0.0877489362918_0.572507097268,-0.221140873665,0.856041891331,-0.924677487738,-0.885936510267,-0.35857841402,-0.92797549563,-0.63602354498/0.0948920487008,0.318849101386/14.8919054224/
generacion
8/0.337193017773,-0.384257186156,0.317263484244,0.876765766449,-0.0132121037804,0.258578837257,0.266169678884,-0.130311630899_0.721749844579,-0.930556032043,0.0734254801562,0.117129196957,0.24432012453,0.107151813173,-0.284282978506,0.243950065227/-0.587354243204,-0.337087756853/17.7577057411/
5/0.295606564256,-0.425843639673,0.366765685704,0.835179312932,0.0362900976794,0.245999604636,0.224583225367,-0.171898084416_0.725809973618,-0.479486301959,0.337538617861,-0.76960630289,-0.300102851492,0.0459030804415,-0.703955875589,0.133990082949/-0.587354243204,0.0843263270714/20.3567011261/
2/0.760880917971,-0.979366740387,0.31082703942,0.361140063589,0.747048743751,0.35462643163,-0.210238591414,-0.259382915855_0.640890050022,-0.511599618309,0.254995576484,-0.857960777965,-0.254114120685,0.00109696409723,-0.859665004577,0.210561225358/-0.546532809888,0.0843263270714/31.1629385658/
6/0.337193017773,-0.384257186156,0.314326384019,0.874124921839,0.0524690822837,0.216858711267,0.266169678884,-0.130311630899_0.640890050022,-0.511599618309,0.254995576484,-0.857960777965,-0.254114120685,0.00109696409723,-0.859665004577,0.210561225358/-0.587354243204,0.0843263270714/29.5207673325/
3/-0.703870154848,0.942740737846,-0.590402846314,-1.01797054133,-0.00924197124632,0.376217618068,-0.758474840842,0.0877489362918_0.628197250028,-0.524292418303,0.321610456218,-0.791733565407,-0.254114120685,0.00109696409723,-0.793050124843,0.209932255696/0.0948920487008,0.0843263270714/28.6593443783/
7/-0.744384714428,0.893526157651,-0.615718283986,-0.954554258352,0.0541743117362,0.437755653655,-0.783790278514,0.0877489362918_0.63526919793,-0.525482270916,0.32868240412,-0.794269241941,-0.436258930395,-0.0510065171028,-0.795973468553,0.194523445902/0.0948920487008,0.0843263270714/44.0200521705/
1/-0.630240796224,-0.373507751562,-0.454115711931,0.0786804525101,-0.374936305274,0.841106211297,-0.0651889098561,-0.261964637818_0.63526919793,-0.571503894923,0.32868240412,-0.832089675269,-0.523546130555,-0.0155279605437,-0.883260668713,0.158306355956/-0.527737278728,0.0843263270714/39.4545467714/
4/-0.705321511571,0.966978631326,-0.566164952834,-1.01797054133,0.0128998201423,0.398359409457,-0.759926197565,0.0877489362918_0.572507097268,-0.221140873665,0.856041891331,-0.924677487738,-0.885936510267,-0.35857841402,-0.92797549563,-0.63602354498/0.0948920487008,0.318849101386/14.7845383632/
generacion
5/0.760880917971,-0.979366740387,0.31082703942,0.361140063589,0.747048743751,0.35462643163,-0.210238591414,-0.259382915855_0.63526919793,-0.525482270916,0.32868240412,-0.794269241941,-0.436258930395,-0.0510065171028,-0.795973468553,0.194523445902/-0.546532809888,0.0843263270714/46.9798739257/
7/0.337193017773,-0.346060938915,0.314326384019,0.874124921839,0.0524690822837,0.216858711267,0.273540188404,-0.130311630899_0.63526919793,-0.525482270916,0.32868240412,-0.794269241941,-0.436258930395,-0.0510065171028,-0.795973468553,0.194523445902/-0.587354243204,0.0843263270714/44.9466578355/
3/-0.650422274781,1.02187786812,-0.566164952834,-0.96307130454,0.074042540554,0.459502129869,-0.698783477153,0.0877489362918_0.670684151338,-0.604732156792,0.241170717729,-0.872173303896,-0.31096646206,-0.0557553772777,-0.849902466218,0.209932255696/0.0948920487008,0.0843263270714/42.3234293128/
8/0.760880917971,-0.979366740387,0.31082703942,0.361140063589,0.747048743751,0.35462643163,-0.210238591414,-0.259382915855_0.578443513571,-0.525482270916,0.32868240412,-0.794269241941,-0.436258930395,-0.00407225033964,-0.795973468553,0.194523445902/-0.546532809888,0.0843263270714/45.921989509/
2/-0.744384714428,0.893526157651,-0.615718283986,-0.954554258352,0.0541743117362,0.437755653655,-0.783790278514,0.0877489362918_0.640890050022,-0.511599618309,0.163664857785,-0.857960777965,-0.196661066671,0.00109696409723,-0.859665004577,0.210561225358/0.0948920487008,0.0843263270714/32.2926559846/
4/-0.744384714428,0.893526157651,-0.615718283986,-0.954554258352,0.0541743117362,0.437755653655,-0.783790278514,0.0877489362918_0.586451550779,-0.541436459867,0.200557077241,-0.853599417411,-0.308552619928,-0.053341535146,-0.91410350382,0.214922585912/0.0948920487008,0.0843263270714/41.7189457071/
6/-0.812433415996,0.825477456083,-0.683766985554,-1.02260295992,0.018347991743,0.401929333662,-0.819616598507,0.0197002347241_0.640890050022,-0.511599618309,0.254995576484,-0.857960777965,-0.254114120685,0.00109696409723,-0.859665004577,0.210561225358/0.0948920487008,0.0843263270714/40.456327529/
1/-0.703870154848,0.942740737846,-0.590402846314,-1.09022550622,-0.00924197124632,0.376217618068,-0.758474840842,0.0877489362918_0.572507097268,-0.221140873665,0.856041891331,-0.924677487738,-0.885936510267,-0.35857841402,-0.92797549563,-0.63602354498/0.0948920487008,0.318849101386/14.1902746021/
generacion
4/-0.789664842041,0.848246030038,-0.660998411599,-0.999834385965,0.00889418412302,0.520057113522,-0.701488818647,0.169825729098_0.640890050022,-0.511599618309,0.254995576484,-0.857960777965,-0.254114120685,0.00109696409723,-0.859665004577,0.210561225358/0.0948920487008,0.0843263270714/32.8972301907/
2/0.337193017773,-0.346060938915,0.314326384019,0.874124921839,0.0524690822837,0.216858711267,0.273540188404,-0.130311630899_0.578443513571,-0.573161095983,0.32868240412,-0.794269241941,-0.436258930395,-0.00407225033964,-0.795973468553,0.16718015241/-0.587354243204,0.0843263270714/43.1985053536/
3/0.760880917971,-0.979366740387,0.31082703942,0.361140063589,0.747048743751,0.35462643163,-0.210238591414,-0.259382915855_0.681552025618,-0.511599618309,0.29565755208,-0.825110943994,-0.270945953883,0.00109696409723,-0.859665004577,0.210561225358/-0.546532809888,0.0843263270714/26.0085996357/
8/-0.650422274781,1.02187786812,-0.566164952834,-0.96307130454,0.074042540554,0.459502129869,-0.698783477153,0.0877489362918_0.640890050022,-0.511599618309,0.163664857785,-0.857960777965,-0.196661066671,0.00109696409723,-0.859665004577,0.210561225358/0.0948920487008,0.0843263270714/29.8077298399/
5/0.760880917971,-0.979366740387,0.31082703942,0.361140063589,0.747048743751,0.35462643163,-0.210238591414,-0.259382915855_0.711284140836,-0.481664989492,0.404697347026,-0.718254299035,-0.35617797076,0.0250084258037,-0.719958525647,0.270538388808/-0.546532809888,0.0843263270714/21.2614334824/
6/-0.744384714428,0.881320987875,-0.615718283986,-0.9848705697,0.0541743117362,0.407439342307,-0.783790278514,0.0755437665156_0.644703027285,-0.604732156792,0.263311355777,-0.928215226641,-0.288825824012,-0.0557553772777,-0.849902466218,0.153890332951/0.0948920487008,0.0843263270714/44.19896176/
7/-0.812433415996,0.825477456083,-0.683766985554,-1.02260295992,0.018347991743,0.401929333662,-0.819616598507,0.0197002347241_0.640890050022,-0.420789436138,0.163664857785,-0.857960777965,-0.196661066671,0.093973402467,-0.859665004577,0.210561225358/0.0948920487008,0.0843263270714/23.5191448922/
1/-0.758895111742,0.865888779239,-0.692307568958,-0.969064655666,0.00980740833877,0.393388750258,-0.828157181911,0.0111596513199_0.578443513571,-0.525482270916,0.410924840164,-0.794269241941,-0.436258930395,-0.00407225033964,-0.747951398462,0.194523445902/0.0948920487008,0.0843263270714/49.685966241/
generacion
3/0.31216735743,-0.288982434822,0.314326384019,0.849099261496,0.0524690822837,0.216858711267,0.330618692497,-0.130311630899_0.702389358225,-0.604732156792,0.184969124294,-0.928215226641,-0.337356453281,-0.134097608761,-0.898433095487,0.211576663891/-0.587354243204,0.0843263270714/40.2490955348/
2/0.858031254662,-0.917996512792,0.372197267015,0.45829040028,0.75303732853,0.451776768321,-0.113088254723,-0.192750324097_0.644703027285,-0.604732156792,0.263311355777,-0.928215226641,-0.288825824012,-0.0557553772777,-0.849902466218,0.153890332951/-0.546532809888,0.0843263270714/48.2583777588/
8/-0.554606236523,1.05446921361,-0.566164952834,-0.873047805051,0.074042540554,0.459502129869,-0.666192131663,0.177772435781_0.640890050022,-0.420789436138,0.163664857785,-0.857960777965,-0.196661066671,0.093973402467,-0.859665004577,0.210561225358/0.0948920487008,0.0843263270714/19.8087616333/
4/-0.650422274781,1.02187786812,-0.566164952834,-0.96307130454,0.074042540554,0.459502129869,-0.698783477153,0.0877489362918_0.640890050022,-0.511599618309,0.254995576484,-0.857960777965,-0.193965560262,0.00109696409723,-0.859665004577,0.253536373848/0.0948920487008,0.0843263270714/24.5325430051/
7/-0.789664842041,0.848246030038,-0.660998411599,-0.999834385965,-0.0106918429474,0.520057113522,-0.701488818647,0.200696981139_0.656782969935,-0.444438588202,0.230825887892,-0.790799747858,-0.129500036564,0.068257994204,-0.79250397447,0.296182300975/0.0948920487008,0.0843263270714/20.9023693242/
5/-0.744384714428,0.881320987875,-0.615718283986,-0.9848705697,0.0541743117362,0.407439342307,-0.783790278514,0.0755437665156_0.800840822399,-0.481664989492,0.404697347026,-0.718254299035,-0.35617797076,0.0250084258037,-0.69671342619,0.270538388808/0.0948920487008,0.0843263270714/21.4404605624/
1/-0.744384714428,0.881320987875,-0.615718283986,-0.936520242091,0.0541743117362,0.407439342307,-0.783790278514,0.0367186076135_0.578443513571,-0.497720357493,0.32868240412,-0.794269241941,-0.436258930395,-0.00407225033964,-0.795973468553,0.16718015241/0.0948920487008,0.0843263270714/45.4038159465/
6/-0.812433415996,0.825477456083,-0.683766985554,-1.02260295992,0.018347991743,0.401929333662,-0.819616598507,0.0197002347241_0.640890050022,-0.562233095924,0.11303138017,-0.857960777965,-0.267682990457,0.00109696409723,-0.932318591606,0.210561225358/0.0948920487008,0.0843263270714/58.6048695998/
generacion
8/0.886392242673,-0.889635524781,0.400558255026,0.486651388291,0.781398316541,0.483045224546,-0.0847272667118,-0.161481867872_0.640890050022,-0.420789436138,0.163664857785,-0.857960777965,-0.196661066671,0.093973402467,-0.859665004577,0.210561225358/-0.546532809888,0.0843263270714/23.7387796479/
4/-0.578215377038,1.02187786812,-0.556442629457,-0.96307130454,0.0770591772965,0.531709027612,-0.698783477153,0.0877489362918_0.751639180657,-0.530866631234,0.472114601836,-0.718254299035,-0.28876071595,0.0352945750443,-0.62929617138,0.270538388808/0.0948920487008,0.0843263270714/15.9275862519/
6/-0.616107733697,0.992967716436,-0.627666450008,-0.868098574419,0.0789917711859,0.398000632695,-0.666192131663,0.138218599905_0.644703027285,-0.604732156792,0.263311355777,-0.928215226641,-0.288825824012,-0.0557553772777,-0.849902466218,0.153890332951/0.0948920487008,0.0843263270714/41.9181135413/
7/-0.744384714428,0.881320987875,-0.615718283986,-0.9848705697,0.0541743117362,0.407439342307,-0.783790278514,0.0755437665156_0.729049417357,-0.499034731514,0.223834772646,-0.76980141063,-0.2251263641,0.013661850892,-0.859665004577,0.22237557001/0.0948920487008,0.0843263270714/21.0861725044/
5/-0.616097294622,1.05310362367,-0.566709767953,-0.931845548993,0.105268296101,0.490727885416,-0.667557721606,0.170706696288_0.578443513571,-0.497720357493,0.32868240412,-0.794269241941,-0.436258930395,-0.00407225033964,-0.795973468553,0.16718015241/0.0948920487008,0.0843263270714/44.803958692/
3/-0.857740199814,0.825477456083,-0.683766985554,-1.02260295992,0.018347991743,0.401929333662,-0.739310835336,0.0197002347241_0.626651918706,-0.436614319557,0.230825887892,-0.790799747858,-0.160154056411,0.068257994204,-0.823157994317,0.296182300975/0.0948920487008,0.0843263270714/22.7131159857/
2/-0.744384714428,0.902076472005,-0.615718283986,-0.936520242091,0.0541743117362,0.407439342307,-0.783790278514,0.107944651579_0.640890050022,-0.511599618309,0.254995576484,-0.857960777965,-0.193965560262,0.00109696409723,-0.859665004577,0.253536373848/0.0948920487008,0.0843263270714/28.2531851738/
1/-0.789664842041,0.848246030038,-0.660998411599,-0.999834385965,-0.0106918429474,0.520057113522,-0.701488818647,0.200696981139_0.640890050022,-0.562233095924,0.11303138017,-0.857960777965,-0.267682990457,0.00109696409723,-0.932318591606,0.210561225358/0.0948920487008,0.0843263270714/50.6447702992/
