inicio
1/0.145839404093,0.530702445735,0.650225106433,0.757371121115,0.734969748144,0.452427915927,0.874862926521,0.717258488482_0.964980071728,0.285060489912,0.349852338663,0.979599726351,0.129421139598,0.757446455509,0.831274235105,0.774547879882/0.104288546755,0.205815390973/
2/0.721562847972,0.464060615491,0.650882173723,0.336872751873,0.378124033187,0.258481360191,0.353177768328,0.177341469514_0.819190113096,0.865189081806,0.554136759165,0.0509322136638,0.0244933002358,0.00425287067352,0.684446899582,0.597121407437/0.912541752516,0.296286071704/
3/0.467862762015,0.980036380241,0.984752909862,0.833396609113,0.215411103621,0.48058638497,0.209742194966,0.0851017287358_0.236843818319,0.51739622399,0.107128331243,0.608651213058,0.166927708933,0.0167733746948,0.315033874504,0.112515025826/0.507055636736,0.25838075526/
generacion
robot2/0.721562847972 0.464060615491 0.650882173723 0.336872751873 0.378124033187 0.258481360191 0.353177768328 0.177341469514,0.819190113096 0.865189081806 0.554136759165 0.0509322136638 0.0244933002358 0.00425287067352 0.684446899582 0.597121407437/0.912541752516,0.296286071704/0.0338559150696/
robot1/0.145839404093 0.530702445735 0.650225106433 0.757371121115 0.734969748144 0.452427915927 0.874862926521 0.717258488482,0.964980071728 0.285060489912 0.349852338663 0.979599726351 0.129421139598 0.757446455509 0.831274235105 0.774547879882/0.104288546755,0.205815390973/0.0992789268494/
robot3/0.467862762015 0.980036380241 0.984752909862 0.833396609113 0.215411103621 0.48058638497 0.209742194966 0.0851017287358,0.236843818319 0.51739622399 0.107128331243 0.608651213058 0.166927708933 0.0167733746948 0.315033874504 0.112515025826/0.507055636736,0.25838075526/0.0873920917511/
generacion
robot3/0.467862762015 0.980036380241 0.984752909862 0.833396609113 0.215411103621 0.48058638497 0.209742194966 0.0851017287358,0.236843818319 0.51739622399 0.107128331243 0.608651213058 0.166927708933 0.0167733746948 0.315033874504 0.112515025826/0.507055636736,0.25838075526/0.0518870353699/
robot2/0.721562847972 0.464060615491 0.650882173723 0.336872751873 0.378124033187 0.258481360191 0.353177768328 0.177341469514,0.819190113096 0.865189081806 0.554136759165 0.0509322136638 0.0244933002358 0.00425287067352 0.684446899582 0.597121407437/0.912541752516,0.296286071704/0.023854970932/
robot1/0.145839404093 0.530702445735 0.650225106433 0.757371121115 0.734969748144 0.452427915927 0.874862926521 0.717258488482,0.964980071728 0.285060489912 0.349852338663 0.979599726351 0.129421139598 0.757446455509 0.831274235105 0.774547879882/0.104288546755,0.205815390973/0.03848695755/
generacion
robot1/0.145839404093 0.530702445735 0.650225106433 0.757371121115 0.734969748144 0.452427915927 0.874862926521 0.717258488482,0.964980071728 0.285060489912 0.349852338663 0.979599726351 0.129421139598 0.757446455509 0.831274235105 0.774547879882/0.104288546755,0.205815390973/0.0937540531158/
robot2/0.721562847972 0.464060615491 0.650882173723 0.336872751873 0.378124033187 0.258481360191 0.353177768328 0.177341469514,0.819190113096 0.865189081806 0.554136759165 0.0509322136638 0.0244933002358 0.00425287067352 0.684446899582 0.597121407437/0.912541752516,0.296286071704/0.0687019824982/
robot3/0.467862762015 0.980036380241 0.984752909862 0.833396609113 0.215411103621 0.48058638497 0.209742194966 0.0851017287358,0.236843818319 0.51739622399 0.107128331243 0.608651213058 0.166927708933 0.0167733746948 0.315033874504 0.112515025826/0.507055636736,0.25838075526/0.0296468734741/
generacion
generacion
generacion
