inicio
1/0.104916732104,0.74895967473,-0.889125365216,0.120411918078,0.492751281461,-0.245132575241,0.148418876009,0.865773888056_0.29761904863,-0.897110816437,-0.934440164812,0.0170825171766,-0.24123582794,-0.970650605842,-0.264283323005,0.565922251912/-0.924651766234,-0.441020106875/0/
2/0.926517288531,-0.430918578321,0.365888090674,0.315873131596,-0.00206388062185,-0.323289250364,0.268227067146,0.369873813791_-0.0441521496264,-0.217942987166,0.693626350121,0.371559722591,0.825059922892,0.108839162275,-0.117794934784,-0.228756591518/-0.251461749325,-0.912748218725/0/
3/0.744442188157,0.711910739521,0.858353912485,0.234606849122,0.593744517095,0.47823255415,-0.60397185983,-0.936351756777_0.772263423478,-0.490627915377,0.847477651998,0.781148532096,0.921670221401,-0.11175907716,0.429834788354,-0.310144360142/0.500856324239,0.73057527625/0/
4/-0.164143732408,-0.908617114904,-0.860198076676,0.256088483378,-0.563196756859,0.395359735622,0.980106381663,0.395148649289_-0.822050098942,0.870125979946,0.32277478267,0.766023348785,-0.497529009252,0.760991696126,-0.654754429516,0.437977099622/-0.926457135098,-0.908198137119/0/
5/0.168358934566,0.566983146893,-0.109449690141,-0.234764453075,-0.411288272044,-0.0920713125804,-0.175125631571,0.312443069896_-0.000542793399019,-0.795759328951,0.716102263881,-0.347130264405,-0.893832161973,0.0681075155184,0.787206741958,-0.145480485561/-0.529695398434,-0.357525038158/0/
6/0.454984533413,0.00211991904831,0.685193417866,0.102778425502,-0.935623318086,0.384168425614,0.212703539914,-0.31447128792_-0.831294420347,0.782377237375,-0.505355355364,0.221713077481,-0.32553395248,-0.196485174103,-0.570022436521,0.680872553835/-0.532625102236,0.443189822092/0/
7/-0.121875188995,-0.438591594566,0.44228934367,0.260282752604,0.581550636988,0.208682787918,0.321147597081,0.122013086554_0.381795487403,0.0723120245765,0.400609946466,-0.986595002283,-0.913061010205,0.21700341988,-0.421227335388,0.226102218864/0.843017131331,-0.386077382807/0/
8/0.0329651125416,0.32227539203,-0.792624909425,0.553810520378,-0.669876365443,0.00821295744764,0.936575882339,0.338461601472_-0.561243830405,-0.191526340351,-0.093347299546,0.505751397164,-0.783398588072,-0.59947222251,0.201631020512,-0.487037487247/-0.984381172012,-0.995758504393/0/
generacion
1/0.104916732104,0.74895967473,-0.889125365216,0.120411918078,0.492751281461,-0.245132575241,0.148418876009,0.865773888056_0.29761904863,-0.897110816437,-0.934440164812,0.0170825171766,-0.24123582794,-0.970650605842,-0.264283323005,0.565922251912/-0.924651766234,-0.441020106875/11.2990038515/
6/0.454984533413,0.00211991904831,0.685193417866,0.102778425502,-0.935623318086,0.384168425614,0.212703539914,-0.31447128792_-0.831294420347,0.782377237375,-0.505355355364,0.221713077481,-0.32553395248,-0.196485174103,-0.570022436521,0.680872553835/-0.532625102236,0.443189822092/12.8258088093/
7/-0.121875188995,-0.438591594566,0.44228934367,0.260282752604,0.581550636988,0.208682787918,0.321147597081,0.122013086554_0.381795487403,0.0723120245765,0.400609946466,-0.986595002283,-0.913061010205,0.21700341988,-0.421227335388,0.226102218864/0.843017131331,-0.386077382807/29.8691065305/
5/0.168358934566,0.566983146893,-0.109449690141,-0.234764453075,-0.411288272044,-0.0920713125804,-0.175125631571,0.312443069896_-0.000542793399019,-0.795759328951,0.716102263881,-0.347130264405,-0.893832161973,0.0681075155184,0.787206741958,-0.145480485561/-0.529695398434,-0.357525038158/12.0650374059/
3/0.744442188157,0.711910739521,0.858353912485,0.234606849122,0.593744517095,0.47823255415,-0.60397185983,-0.936351756777_0.772263423478,-0.490627915377,0.847477651998,0.781148532096,0.921670221401,-0.11175907716,0.429834788354,-0.310144360142/0.500856324239,0.73057527625/13.4463438358/
2/0.926517288531,-0.430918578321,0.365888090674,0.315873131596,-0.00206388062185,-0.323289250364,0.268227067146,0.369873813791_-0.0441521496264,-0.217942987166,0.693626350121,0.371559722591,0.825059922892,0.108839162275,-0.117794934784,-0.228756591518/-0.251461749325,-0.912748218725/21.1347052817/
8/0.0329651125416,0.32227539203,-0.792624909425,0.553810520378,-0.669876365443,0.00821295744764,0.936575882339,0.338461601472_-0.561243830405,-0.191526340351,-0.093347299546,0.505751397164,-0.783398588072,-0.59947222251,0.201631020512,-0.487037487247/-0.984381172012,-0.995758504393/9.82362380206/
4/-0.164143732408,-0.908617114904,-0.860198076676,0.256088483378,-0.563196756859,0.395359735622,0.980106381663,0.395148649289_-0.822050098942,0.870125979946,0.32277478267,0.766023348785,-0.497529009252,0.760991696126,-0.654754429516,0.437977099622/-0.926457135098,-0.908198137119/16.1470468027/
generacion
2/0.0375698321074,0.681612774733,-0.956472265213,0.0530650180814,0.481107277335,-0.312479475238,0.0561909968163,0.85412988393_-0.831294420347,0.818369558146,-0.49086050362,0.236207929225,-0.320092563185,-0.160492853332,-0.564581047226,0.716864874606/-0.924651766234,0.443189822092/11.0565576382/
5/0.454984533413,0.00211991904831,0.743348220621,0.102778425502,-1.03001320621,0.384168425614,0.212703539914,-0.31447128792_0.29761904863,-0.897110816437,-0.934440164812,0.0170825171766,-0.24123582794,-0.970650605842,-0.264283323005,0.565922251912/-0.532625102236,-0.441020106875/12.2928013245/
3/0.785325009276,0.716326689897,0.858353912485,0.234606849122,0.593744517095,0.47823255415,-0.60397185983,-0.936351756777_0.381795487403,0.109831692591,0.400609946466,-0.986595002283,-0.913061010205,0.21700341988,-0.421227335388,0.226102218864/0.500856324239,-0.386077382807/32.5324737932/
8/-0.126802790585,-0.428939666404,0.43736174208,0.269934680766,0.576623035398,0.21833471608,0.268224776111,0.0690902655841_0.772263423478,-0.490627915377,0.932707642305,0.696157438389,0.921670221401,-0.11175907716,0.429834788354,-0.310144360142/0.843017131331,0.73057527625/12.6660969977/
6/0.803235430618,0.711910739521,0.858353912485,0.319932097929,0.679069765902,0.47823255415,-0.60397185983,-0.877558514316_0.303633718001,-0.00584974482555,0.351072786277,-1.06475677169,-0.985101523799,0.226482107108,-0.421227335388,0.176565058675/0.500856324239,-0.386077382807/19.6551721514/
4/0.816310982846,0.711910739521,0.858353912485,0.234606849122,0.593744517095,0.47823255415,-0.60397185983,-0.858652693986_0.381795487403,0.00310725813186,0.400609946466,-0.986595002283,-0.913061010205,0.21700341988,-0.421227335388,0.222434562605/0.500856324239,-0.386077382807/27.2227463762/
7/-0.121875188995,-0.423343873563,0.524388560368,0.260282752604,0.581550636988,0.208682787918,0.321147597081,0.122013086554_0.772263423478,-0.509853536512,0.777688735424,0.781148532096,0.902444600266,-0.136951745822,0.429834788354,-0.379933276716/0.843017131331,0.73057527625/12.7922179358/
1/-0.121875188995,-0.438591594566,0.44228934367,0.260282752604,0.581550636988,0.208682787918,0.321147597081,0.122013086554_0.852735502562,-0.516327611277,0.821777956098,0.707768599961,0.921670221401,-0.0312869980765,0.356454856219,-0.310144360142/0.843017131331,0.73057527625/12.7012491094/
generacion
3/0.785325009276,0.716326689897,0.858353912485,0.234606849122,0.593744517095,0.47823255415,-0.60397185983,-0.936351756777_0.381795487403,0.109831692591,0.400609946466,-0.986595002283,-0.913061010205,0.21700341988,-0.421227335388,0.226102218864/0.500856324239,-0.386077382807/33.0184756776/
4/0.816310982846,0.711910739521,0.858353912485,0.234606849122,0.593744517095,0.47823255415,-0.60397185983,-0.858652693986_0.381795487403,0.00310725813186,0.400609946466,-0.986595002283,-0.913061010205,0.21700341988,-0.421227335388,0.222434562605/0.500856324239,-0.386077382807/28.0435624093/
8/-0.126802790585,-0.428939666404,0.43736174208,0.269934680766,0.576623035398,0.21833471608,0.268224776111,0.0690902655841_0.772263423478,-0.490627915377,0.932707642305,0.696157438389,0.921670221401,-0.11175907716,0.429834788354,-0.310144360142/0.843017131331,0.73057527625/12.5452805859/
6/0.803235430618,0.711910739521,0.858353912485,0.319932097929,0.679069765902,0.47823255415,-0.60397185983,-0.877558514316_0.303633718001,-0.00584974482555,0.351072786277,-1.06475677169,-0.985101523799,0.226482107108,-0.421227335388,0.176565058675/0.500856324239,-0.386077382807/19.7719743077/
1/-0.121875188995,-0.438591594566,0.44228934367,0.260282752604,0.581550636988,0.208682787918,0.321147597081,0.122013086554_0.852735502562,-0.516327611277,0.821777956098,0.707768599961,0.921670221401,-0.0312869980765,0.356454856219,-0.310144360142/0.843017131331,0.73057527625/12.6483179704/
7/-0.121875188995,-0.423343873563,0.524388560368,0.260282752604,0.581550636988,0.208682787918,0.321147597081,0.122013086554_0.772263423478,-0.509853536512,0.777688735424,0.781148532096,0.902444600266,-0.136951745822,0.429834788354,-0.379933276716/0.843017131331,0.73057527625/12.7105462697/
2/0.0375698321074,0.681612774733,-0.956472265213,0.0530650180814,0.481107277335,-0.312479475238,0.0561909968163,0.85412988393_-0.831294420347,0.818369558146,-0.49086050362,0.236207929225,-0.320092563185,-0.160492853332,-0.564581047226,0.716864874606/-0.924651766234,0.443189822092/11.0332484041/
5/0.454984533413,0.00211991904831,0.743348220621,0.102778425502,-1.03001320621,0.384168425614,0.212703539914,-0.31447128792_0.29761904863,-0.897110816437,-0.934440164812,0.0170825171766,-0.24123582794,-0.970650605842,-0.264283323005,0.565922251912/-0.532625102236,-0.441020106875/12.2966003587/
generacion
2/-0.126802790585,-0.428939666404,0.43736174208,0.269934680766,0.576623035398,0.21833471608,0.268224776111,0.0690902655841_0.381795487403,0.109831692591,0.400609946466,-0.973709006,-0.913061010205,0.21700341988,-0.385838035487,0.226102218864/0.843017131331,-0.386077382807/32.5421613778/
3/0.785325009276,0.716326689897,0.858353912485,0.234606849122,0.593744517095,0.47823255415,-0.60397185983,-0.936351756777_0.772263423478,-0.448445450346,0.974890107336,0.696157438389,0.979986347884,-0.11175907716,0.488150914837,-0.282483717433/0.500856324239,0.73057527625/13.4545511411/
1/-0.159601719899,-0.428939666404,0.384663362818,0.217236301504,0.562616020403,0.204327701085,0.268224776111,0.03629133627_0.381795487403,0.12951185914,0.460128445005,-0.966914835734,-0.913061010205,0.199753987148,-0.361708836849,0.208852786132/0.843017131331,-0.386077382807/34.2857063401/
7/0.785325009276,0.716326689897,0.88815772089,0.234606849122,0.593744517095,0.46863034692,-0.60397185983,-0.936351756777_-0.899842518898,0.818369558146,-0.437856045596,0.289212387249,-0.388640661736,-0.160492853332,-0.623565559076,0.716864874606/0.500856324239,0.443189822092/14.0432412854/
4/0.0712631007063,0.715306043332,-0.954811744286,0.0530650180814,0.482767798262,-0.288938424023,0.0561909968163,0.85412988393_0.381795487403,0.0536967638116,0.446344756925,-0.986595002283,-0.913061010205,0.21700341988,-0.421227335388,0.226102218864/-0.924651766234,-0.386077382807/27.8955538288/
5/0.722139919653,0.653733982659,0.83322660713,0.172014141884,0.56861721174,0.453105248795,-0.671914901543,-0.961479062132_0.854016061952,-0.476477783261,0.946857774421,0.710307570505,0.935820353517,-0.0976089450445,0.511587426828,-0.295994228026/0.500856324239,0.73057527625/13.3181857399/
8/-0.126802790585,-0.428939666404,0.43736174208,0.269934680766,0.576623035398,0.21833471608,0.268224776111,0.0690902655841_0.381795487403,0.00310725813186,0.400609946466,-0.986595002283,-0.913061010205,0.21700341988,-0.421227335388,0.222434562605/0.843017131331,-0.386077382807/26.2561105839/
6/0.816310982846,0.711910739521,0.858353912485,0.234606849122,0.517450347703,0.47823255415,-0.60397185983,-0.792876365903_0.772263423478,-0.575315999467,0.930044882006,0.696157438389,0.880044800954,-0.11175907716,0.388209367907,-0.310144360142/0.500856324239,0.73057527625/13.383714049/
generacion
6/0.816310982846,0.711910739521,0.858353912485,0.234606849122,0.517450347703,0.47823255415,-0.60397185983,-0.792876365903_0.772263423478,-0.575315999467,0.930044882006,0.696157438389,0.880044800954,-0.11175907716,0.388209367907,-0.310144360142/0.500856324239,0.73057527625/13.3382374743/
5/0.722139919653,0.653733982659,0.83322660713,0.172014141884,0.56861721174,0.453105248795,-0.671914901543,-0.961479062132_0.854016061952,-0.476477783261,0.946857774421,0.710307570505,0.935820353517,-0.0976089450445,0.511587426828,-0.295994228026/0.500856324239,0.73057527625/13.4153482189/
2/-0.126802790585,-0.428939666404,0.43736174208,0.269934680766,0.576623035398,0.21833471608,0.268224776111,0.0690902655841_0.381795487403,0.109831692591,0.400609946466,-0.973709006,-0.913061010205,0.21700341988,-0.385838035487,0.226102218864/0.843017131331,-0.386077382807/32.9081491963/
8/-0.126802790585,-0.428939666404,0.43736174208,0.269934680766,0.576623035398,0.21833471608,0.268224776111,0.0690902655841_0.381795487403,0.00310725813186,0.400609946466,-0.986595002283,-0.913061010205,0.21700341988,-0.421227335388,0.222434562605/0.843017131331,-0.386077382807/26.1192311876/
7/0.785325009276,0.716326689897,0.88815772089,0.234606849122,0.593744517095,0.46863034692,-0.60397185983,-0.936351756777_-0.899842518898,0.818369558146,-0.437856045596,0.289212387249,-0.388640661736,-0.160492853332,-0.623565559076,0.716864874606/0.500856324239,0.443189822092/13.9526526861/
3/0.785325009276,0.716326689897,0.858353912485,0.234606849122,0.593744517095,0.47823255415,-0.60397185983,-0.936351756777_0.772263423478,-0.448445450346,0.974890107336,0.696157438389,0.979986347884,-0.11175907716,0.488150914837,-0.282483717433/0.500856324239,0.73057527625/13.4361724552/
1/-0.159601719899,-0.428939666404,0.384663362818,0.217236301504,0.562616020403,0.204327701085,0.268224776111,0.03629133627_0.381795487403,0.12951185914,0.460128445005,-0.966914835734,-0.913061010205,0.199753987148,-0.361708836849,0.208852786132/0.843017131331,-0.386077382807/33.6145131413/
4/0.0712631007063,0.715306043332,-0.954811744286,0.0530650180814,0.482767798262,-0.288938424023,0.0561909968163,0.85412988393_0.381795487403,0.0536967638116,0.446344756925,-0.986595002283,-0.913061010205,0.21700341988,-0.421227335388,0.226102218864/-0.924651766234,-0.386077382807/27.5067469398/
generacion
7/0.785325009276,0.716326689897,0.88815772089,0.234606849122,0.593744517095,0.46863034692,-0.60397185983,-0.936351756777_-0.899842518898,0.818369558146,-0.437856045596,0.289212387249,-0.388640661736,-0.160492853332,-0.623565559076,0.716864874606/0.500856324239,0.443189822092/13.9611568628/
3/0.785325009276,0.716326689897,0.858353912485,0.234606849122,0.593744517095,0.47823255415,-0.60397185983,-0.936351756777_0.772263423478,-0.448445450346,0.974890107336,0.696157438389,0.979986347884,-0.11175907716,0.488150914837,-0.282483717433/0.500856324239,0.73057527625/13.4073642899/
2/-0.126802790585,-0.428939666404,0.43736174208,0.269934680766,0.576623035398,0.21833471608,0.268224776111,0.0690902655841_0.381795487403,0.109831692591,0.400609946466,-0.973709006,-0.913061010205,0.21700341988,-0.385838035487,0.226102218864/0.843017131331,-0.386077382807/32.9760247095/
1/-0.159601719899,-0.428939666404,0.384663362818,0.217236301504,0.562616020403,0.204327701085,0.268224776111,0.03629133627_0.381795487403,0.12951185914,0.460128445005,-0.966914835734,-0.913061010205,0.199753987148,-0.361708836849,0.208852786132/0.843017131331,-0.386077382807/33.9857295173/
8/-0.126802790585,-0.428939666404,0.43736174208,0.269934680766,0.576623035398,0.21833471608,0.268224776111,0.0690902655841_0.381795487403,0.00310725813186,0.400609946466,-0.986595002283,-0.913061010205,0.21700341988,-0.421227335388,0.222434562605/0.843017131331,-0.386077382807/26.5646472959/
5/0.722139919653,0.653733982659,0.83322660713,0.172014141884,0.56861721174,0.453105248795,-0.671914901543,-0.961479062132_0.854016061952,-0.476477783261,0.946857774421,0.710307570505,0.935820353517,-0.0976089450445,0.511587426828,-0.295994228026/0.500856324239,0.73057527625/13.4557599641/
6/0.816310982846,0.711910739521,0.858353912485,0.234606849122,0.517450347703,0.47823255415,-0.60397185983,-0.792876365903_0.772263423478,-0.575315999467,0.930044882006,0.696157438389,0.880044800954,-0.11175907716,0.388209367907,-0.310144360142/0.500856324239,0.73057527625/13.3642105247/
4/0.0712631007063,0.715306043332,-0.954811744286,0.0530650180814,0.482767798262,-0.288938424023,0.0561909968163,0.85412988393_0.381795487403,0.0536967638116,0.446344756925,-0.986595002283,-0.913061010205,0.21700341988,-0.421227335388,0.226102218864/-0.924651766234,-0.386077382807/27.3507249067/
generacion
2/-0.0353180011351,-0.428939666404,0.379097593493,0.277198985125,0.576623035398,0.30981950553,0.268224776111,0.010826116997_0.328562108978,-0.0352607148051,0.53890667371,-0.94898193961,-1.00201848882,0.128045941263,-0.328665418603,0.137144740247/0.843017131331,-0.386077382807/19.6061285035/
3/0.877544375509,0.723527132497,0.945009948478,0.234606849122,0.517450347703,0.47823255415,-0.542738467167,-0.70622032991_0.772263423478,-0.448445450346,0.974890107336,0.696157438389,0.979986347884,-0.11175907716,0.488150914837,-0.282483717433/0.500856324239,0.73057527625/13.450049798/
1/0.785325009276,0.716326689897,0.858353912485,0.234606849122,0.593744517095,0.47823255415,-0.60397185983,-0.936351756777_0.772263423478,-0.575315999467,0.930044882006,0.696157438389,0.880044800954,-0.11175907716,0.388209367907,-0.310144360142/0.500856324239,0.73057527625/13.3650978145/
6/0.741614148104,0.71690138224,0.858353912485,0.235181541465,0.550033655923,0.478807246493,-0.588519366309,-0.920899263256_0.326561832574,0.0742782043114,0.404894790176,-1.02214849056,-0.968294665034,0.144520332319,-0.416942491678,0.153619131303/0.500856324239,-0.386077382807/20.5329848667/
4/0.0712631007063,0.715306043332,-0.954811744286,0.0530650180814,0.482767798262,-0.288938424023,0.0561909968163,0.85412988393_0.381795487403,0.12951185914,0.460128445005,-0.966914835734,-0.913061010205,0.199753987148,-0.361708836849,0.208852786132/-0.924651766234,-0.386077382807/33.3264553116/
7/-0.159601719899,-0.428939666404,0.384663362818,0.217236301504,0.562616020403,0.204327701085,0.268224776111,0.03629133627_0.311291475949,-0.00225187321711,0.440312009723,-1.04254363931,-0.983565021659,0.21700341988,-0.42726008259,0.226102218864/0.843017131331,-0.386077382807/19.9023936376/
5/0.0712631007063,0.715306043332,-0.954811744286,0.0530650180814,0.482767798262,-0.288938424023,0.0561909968163,0.786227646014_0.381795487403,0.109831692591,0.400609946466,-0.973709006,-0.913061010205,0.21700341988,-0.385838035487,0.226102218864/-0.924651766234,-0.386077382807/29.9249580584/
8/-0.159601719899,-0.345337854916,0.468265174306,0.139942857471,0.48532257637,0.127034257052,0.190931332078,3.85596196881e-05_0.788284447732,-0.454664960718,0.968670596964,0.607625321392,0.973766837512,-0.135099400911,0.481931404465,-0.288703227805/0.843017131331,0.73057527625/12.2880346151/
generacion
7/-0.159601719899,-0.428939666404,0.384663362818,0.217236301504,0.562616020403,0.204327701085,0.268224776111,0.03629133627_0.381795487403,0.12951185914,0.460128445005,-0.966914835734,-0.913061010205,0.199753987148,-0.361708836849,0.208852786132/0.843017131331,-0.386077382807/33.9544505481/
4/0.0712631007063,0.715306043332,-0.954811744286,0.0530650180814,0.482767798262,-0.288938424023,0.0561909968163,0.85412988393_0.311291475949,-0.00225187321711,0.440312009723,-1.04254363931,-0.983565021659,0.21700341988,-0.42726008259,0.226102218864/-0.924651766234,-0.386077382807/17.9548207958/
1/0.741614148104,0.71690138224,0.858353912485,0.235181541465,0.550033655923,0.478807246493,-0.588519366309,-0.920899263256_0.379915967105,-0.00225187321711,0.371549621326,-0.973919148154,-0.983565021659,0.148241031483,-0.501657234295,0.226102218864/0.500856324239,-0.386077382807/21.06593404/
2/-0.071107962291,-0.256844097308,0.382235529594,0.228436615079,0.573816333978,0.0285631362589,0.279425089686,0.0885323172277_0.29130074601,0.121818386008,0.400609946466,-0.973709006,-0.913061010205,0.21700341988,-0.385838035487,0.226102218864/0.843017131331,-0.386077382807/24.4129415065/
8/0.0712631007063,0.715306043332,-0.894934319507,0.0530650180814,0.482767798262,-0.288938424023,0.147397886856,0.786227646014_0.417239357762,0.0742782043114,0.404894790176,-1.02214849056,-0.968294665034,0.079813869808,-0.416942491678,0.153619131303/-0.924651766234,-0.386077382807/19.8733624322/
3/-0.159601719899,-0.428939666404,0.384663362818,0.217236301504,0.562616020403,0.204327701085,0.268224776111,0.03629133627_0.326561832574,0.0742782043114,0.404894790176,-1.02214849056,-0.968294665034,0.144520332319,-0.416942491678,0.153619131303/0.843017131331,-0.386077382807/19.6936666972/
6/0.741614148104,0.71690138224,0.858353912485,0.235181541465,0.550033655923,0.478807246493,-0.588519366309,-0.920899263256_0.381795487403,0.109831692591,0.400609946466,-0.973709006,-0.913061010205,0.243877312072,-0.425225857254,0.226102218864/0.500856324239,-0.386077382807/35.0330608851/
5/0.0712631007063,0.715306043332,-0.954811744286,0.0530650180814,0.482767798262,-0.288938424023,0.0561909968163,0.786227646014_0.788284447732,-0.454664960718,0.972902883788,0.64992109627,0.977999124336,-0.0928036260331,0.486163691289,-0.284470940981/-0.924651766234,0.73057527625/10.4831522644/
generacion
5/0.0712631007063,0.715306043332,-0.894934319507,0.0530650180814,0.482767798262,-0.220131173401,0.147397886856,0.77783722623_0.311291475949,-0.00225187321711,0.440312009723,-1.04254363931,-0.983565021659,0.21700341988,-0.42726008259,0.226102218864/-0.924651766234,-0.386077382807/18.1218177512/
1/-0.159601719899,-0.428939666404,0.384663362818,0.217236301504,0.562616020403,0.204327701085,0.268224776111,0.03629133627_0.311291475949,-0.00225187321711,0.440312009723,-1.04254363931,-0.983565021659,0.21700341988,-0.42726008259,0.226102218864/0.843017131331,-0.386077382807/19.7895292432/
7/0.741614148104,0.776256251449,0.838192440557,0.294536410674,0.609388525132,0.409343848353,-0.5291644971,-0.876879674037_0.326561832574,0.0742782043114,0.404894790176,-1.02214849056,-0.968294665034,0.144520332319,-0.416942491678,0.153619131303/0.500856324239,-0.386077382807/20.6837203155/
2/0.0712631007063,0.715306043332,-0.954811744286,0.0530650180814,0.482767798262,-0.288938424023,0.0561909968163,0.85412988393_0.417239357762,0.0742782043114,0.404894790176,-1.02214849056,-0.968294665034,0.079813869808,-0.416942491678,0.153619131303/-0.924651766234,-0.386077382807/20.1967167196/
4/-0.159601719899,-0.505519280868,0.384663362818,0.217236301504,0.562616020403,0.203246240443,0.268224776111,0.03629133627_0.381795487403,0.109831692591,0.400609946466,-0.973709006,-0.913061010205,0.293428473665,-0.495269538042,0.226102218864/0.843017131331,-0.386077382807/36.5630636759/
8/-0.159601719899,-0.428939666404,0.384663362818,0.217236301504,0.562616020403,0.204327701085,0.268224776111,0.03629133627_0.788284447732,-0.454664960718,0.972902883788,0.64992109627,0.977999124336,-0.0928036260331,0.486163691289,-0.284470940981/0.843017131331,0.73057527625/12.4162187534/
6/0.102774579912,0.757612048137,-0.912505739481,0.00478397476899,0.43448675495,-0.246632419218,0.00790995350389,0.875574661026_0.381795487403,0.0391005689283,0.460128445005,-1.01278196772,-1.00347230042,0.153886855159,-0.452120127061,0.162985654143/-0.924651766234,-0.386077382807/19.5737928706/
3/0.104680540193,0.748723482819,-0.921394304799,0.0593867303091,0.564992946987,-0.255520984536,0.0896084363034,0.887547323417_0.366350662665,0.114067034402,0.460128445005,-0.966914835734,-0.913061010205,0.199753987148,-0.267476219318,0.303085403663/-0.924651766234,-0.386077382807/32.2820947508/
generacion
1/0.102774579912,0.757612048137,-0.912505739481,0.00478397476899,0.43448675495,-0.246632419218,0.00790995350389,0.875574661026_0.369999705375,0.109831692591,0.400609946466,-0.973709006,-0.897924545208,0.293428473665,-0.495269538042,0.226102218864/-0.924651766234,-0.386077382807/35.8686515048/
2/0.104680540193,0.725164473998,-0.921394304799,0.0593867303091,0.564992946987,-0.255520984536,0.0896084363034,0.887547323417_0.338245405813,-0.00225187321711,0.513347966438,-1.04254363931,-0.983565021659,0.21700341988,-0.42726008259,0.226102218864/-0.924651766234,-0.386077382807/20.3960725548/
6/-0.159601719899,-0.428939666404,0.306694881248,0.188532288855,0.484647538833,0.204327701085,0.239520763462,0.03629133627_0.315953886166,-0.0430470586893,0.377980817387,-0.949962144231,-1.06931390166,0.0717392275414,-0.534267754679,0.165869068832/0.843017131331,-0.386077382807/15.2455902055/
5/-0.159601719899,-0.394749868318,0.384663362818,0.217236301504,0.562616020403,0.204327701085,0.266965281074,0.03629133627_0.366350662665,0.114067034402,0.460128445005,-0.966914835734,-0.913061010205,0.199753987148,-0.267476219318,0.303085403663/0.843017131331,-0.386077382807/33.6149015006/
8/0.132285744824,0.787123213049,-0.882994574569,0.0342951396814,0.506563736602,-0.217121254306,0.0374211184163,0.947651642678_0.311291475949,-0.00225187321711,0.440312009723,-1.04254363931,-0.983565021659,0.21700341988,-0.42726008259,0.226102218864/-0.924651766234,-0.386077382807/18.6855536723/
7/0.0712631007063,0.715306043332,-0.894934319507,0.0530650180814,0.482767798262,-0.220131173401,0.147397886856,0.77783722623_0.291898312551,0.109831692591,0.407516953269,-0.966801999197,-0.906154003402,0.203531298813,-0.401651892652,0.136205044012/-0.924651766234,-0.386077382807/20.8637557055/
4/-0.187943424324,-0.505519280868,0.429507911421,0.217236301504,0.611665323613,0.252295543653,0.313069324714,0.0853406394798_0.311291475949,-0.0757449282781,0.366818954662,-0.989529445047,-0.983565021659,0.21700341988,-0.458735073363,0.226102218864/0.843017131331,-0.386077382807/18.4357225876/
3/-0.215271371079,-0.505519280868,0.328993711638,0.177958332348,0.506946369223,0.147576589263,0.319232741569,0.0872993017278_0.381795487403,0.0391005689283,0.460128445005,-1.01278196772,-1.00347230042,0.153886855159,-0.452120127061,0.162985654143/0.843017131331,-0.386077382807/21.091269725/
generacion
3/-0.215271371079,-0.505519280868,0.328993711638,0.177958332348,0.506946369223,0.147576589263,0.319232741569,0.0872993017278_0.338245405813,-0.00225187321711,0.513347966438,-1.04254363931,-0.983565021659,0.21700341988,-0.42726008259,0.226102218864/0.843017131331,-0.386077382807/21.9032337949/
6/-0.215271371079,-0.505519280868,0.328993711638,0.177958332348,0.506946369223,0.147576589263,0.319232741569,0.0872993017278_0.311291475949,-0.00225187321711,0.440312009723,-1.04254363931,-0.983565021659,0.21700341988,-0.42726008259,0.226102218864/0.843017131331,-0.386077382807/19.3630433796/
4/0.132285744824,0.787123213049,-0.882994574569,0.0342951396814,0.506563736602,-0.217121254306,0.0374211184163,0.947651642678_0.338245405813,-0.00225187321711,0.513347966438,-1.04254363931,-0.983565021659,0.21700341988,-0.42726008259,0.226102218864/-0.924651766234,-0.386077382807/21.713885617/
8/0.132285744824,0.787123213049,-0.882994574569,0.0342951396814,0.506563736602,-0.217121254306,0.0374211184163,0.947651642678_0.300942909144,-0.0417520093309,0.550863085944,-1.07574081144,-1.03077354074,0.153886855159,-0.361385486122,0.0821330758838/-0.924651766234,-0.386077382807/16.0306928563/
1/0.0969369708224,0.717420904627,-0.92913787417,0.0516431609385,0.557249377616,-0.263264553907,0.0818648669328,0.879803754046_0.381795487403,0.0391005689283,0.460128445005,-1.01278196772,-1.00347230042,0.153886855159,-0.452120127061,0.162985654143/-0.924651766234,-0.386077382807/20.5610252242/
7/0.104680540193,0.725164473998,-0.921394304799,0.0593867303091,0.564992946987,-0.255520984536,0.0896084363034,0.887547323417_0.264353250567,0.0338199085397,0.478783891192,-1.00407175784,-0.947493239902,0.253075201637,-0.474198307972,0.226102218864/-0.924651766234,-0.386077382807/19.4832479078/
2/-0.215271371079,-0.505519280868,0.328993711638,0.177958332348,0.506946369223,0.147576589263,0.319232741569,0.0872993017278_0.366350662665,0.114067034402,0.460128445005,-0.966914835734,-0.913061010205,0.199753987148,-0.267476219318,0.303085403663/0.843017131331,-0.386077382807/33.2452813462/
5/-0.159601719899,-0.394749868318,0.384663362818,0.217236301504,0.562616020403,0.204327701085,0.266965281074,0.03629133627_0.381795487403,0.0391005689283,0.460128445005,-1.01278196772,-1.00347230042,0.153886855159,-0.452120127061,0.162985654143/0.843017131331,-0.386077382807/21.2694906994/
generacion
7/-0.215271371079,-0.505519280868,0.328993711638,0.177958332348,0.506946369223,0.147576589263,0.319232741569,0.0872993017278_0.338245405813,-0.00225187321711,0.513347966438,-1.04254363931,-0.983565021659,0.21700341988,-0.42726008259,0.226102218864/0.843017131331,-0.386077382807/21.6888684839/
1/-0.235312385203,-0.505519280868,0.308952697514,0.174118059518,0.60044049461,0.143736316433,0.315392468739,0.0386998182307_0.343061453869,-0.0122856198601,0.518164014494,-1.04254363931,-1.07776996733,0.21700341988,-0.437293829233,0.226102218864/0.843017131331,-0.386077382807/19.6665931481/
3/0.132285744824,0.787123213049,-0.882994574569,0.0342951396814,0.506563736602,-0.217121254306,0.0374211184163,0.947651642678_0.338245405813,-0.00225187321711,0.513347966438,-1.04254363931,-0.983565021659,0.21700341988,-0.42726008259,0.226102218864/-0.924651766234,-0.386077382807/21.2760307587/
6/-0.300590714954,-0.505519280868,0.328993711638,0.177958332348,0.477809510141,0.147576589263,0.319232741569,0.0872993017278_0.4070621423,0.154778514037,0.50083992464,-0.999294416194,-0.961982681478,0.199753987148,-0.299855799778,0.270705823203/0.843017131331,-0.386077382807/36.6116711336/
2/-0.215271371079,-0.505519280868,0.328993711638,0.177958332348,0.506946369223,0.147576589263,0.319232741569,0.0872993017278_0.300942909144,-0.0417520093309,0.550863085944,-1.07574081144,-1.03077354074,0.153886855159,-0.361385486122,0.0821330758838/0.843017131331,-0.386077382807/16.6246509169/
8/-0.215271371079,-0.505519280868,0.328993711638,0.177958332348,0.506946369223,0.147576589263,0.319232741569,0.0872993017278_0.334029268034,-0.0400537206415,0.513347966438,-1.04254363931,-0.983565021659,0.21700341988,-0.42726008259,0.226102218864/0.843017131331,-0.386077382807/20.6793545342/
4/-0.215271371079,-0.505519280868,0.328993711638,0.177958332348,0.506946369223,0.147576589263,0.319232741569,0.0872993017278_0.366350662665,0.114067034402,0.460128445005,-0.966914835734,-0.913061010205,0.199753987148,-0.267476219318,0.303085403663/0.843017131331,-0.386077382807/32.0427208295/
5/0.132285744824,0.787123213049,-0.882994574569,0.0342951396814,0.506563736602,-0.313656920735,0.10539748429,0.947651642678_0.366350662665,0.114067034402,0.460128445005,-0.966914835734,-0.913061010205,0.199753987148,-0.267476219318,0.303085403663/-0.924651766234,-0.386077382807/31.8203623177/
generacion
5/-0.215271371079,-0.505519280868,0.328993711638,0.177958332348,0.506946369223,0.147576589263,0.319232741569,0.0872993017278_0.334029268034,-0.0767847248242,0.476616962255,-1.04921877868,-1.02029602584,0.261037610515,-0.383225891955,0.226102218864/0.843017131331,-0.386077382807/20.0878094872/
4/0.132285744824,0.787123213049,-0.882994574569,0.0594530158619,0.506563736602,-0.31049485086,0.10539748429,0.947651642678_0.4070621423,0.154778514037,0.50083992464,-0.999294416194,-0.961982681478,0.199753987148,-0.299855799778,0.270705823203/-0.924651766234,-0.386077382807/35.3072236983/
2/-0.215271371079,-0.505519280868,0.328993711638,0.177958332348,0.506946369223,0.147576589263,0.319232741569,0.0872993017278_0.300942909144,-0.0417520093309,0.550863085944,-1.07574081144,-1.03077354074,0.153886855159,-0.361385486122,0.0821330758838/0.843017131331,-0.386077382807/16.4637051816/
8/-0.215271371079,-0.505519280868,0.328993711638,0.177958332348,0.506946369223,0.147576589263,0.319232741569,0.0872993017278_0.300942909144,-0.0417520093309,0.550863085944,-1.07574081144,-1.03077354074,0.248329702536,-0.361385486122,0.172190435537/0.843017131331,-0.386077382807/19.4369920918/
3/0.132285744824,0.787123213049,-0.882994574569,0.0342951396814,0.506563736602,-0.217121254306,0.0374211184163,0.947651642678_0.366350662665,0.114067034402,0.460128445005,-0.966914835734,-0.913061010205,0.199753987148,-0.267476219318,0.303085403663/-0.924651766234,-0.386077382807/31.6903313672/
1/0.132285744824,0.787123213049,-0.882994574569,0.0342951396814,0.506563736602,-0.313656920735,0.10539748429,0.947651642678_0.338245405813,0.0822471999911,0.513347966438,-1.0005039777,-0.983565021659,0.21700341988,-0.42726008259,0.226102218864/-0.924651766234,-0.386077382807/23.7611363971/
7/-0.300590714954,-0.505519280868,0.328993711638,0.177958332348,0.477809510141,0.147576589263,0.319232741569,0.0872993017278_0.366350662665,0.114067034402,0.460128445005,-0.966914835734,-0.913061010205,0.199753987148,-0.267476219318,0.303085403663/0.843017131331,-0.386077382807/32.8317728734/
6/-0.215271371079,-0.505519280868,0.328993711638,0.125069396459,0.506946369223,0.147576589263,0.319232741569,0.0525958705316_0.301788480023,-0.0653728927101,0.605222269344,-1.06786281138,-1.00888419373,0.191684247811,-0.459500870601,0.200783046795/0.843017131331,-0.386077382807/17.8754085622/
generacion
1/0.132285744824,0.787123213049,-0.882994574569,0.0342951396814,0.506563736602,-0.313656920735,0.10539748429,0.947651642678_0.366350662665,0.114067034402,0.460128445005,-0.966914835734,-0.913061010205,0.199753987148,-0.267476219318,0.303085403663/-0.924651766234,-0.386077382807/31.1692091116/
2/-0.279225381872,-0.518394876634,0.265039700845,0.102608983855,0.506946369223,0.147576589263,0.319232741569,0.0119499532345_0.338245405813,0.0822471999911,0.513347966438,-1.0005039777,-0.983565021659,0.21700341988,-0.42726008259,0.226102218864/0.843017131331,-0.386077382807/24.7957664083/
8/0.132285744824,0.778898153976,-0.882994574569,0.0594530158619,0.551479876686,-0.31049485086,0.10539748429,0.947651642678_0.334029268034,-0.0767847248242,0.476616962255,-1.04921877868,-1.02029602584,0.261037610515,-0.383225891955,0.226102218864/-0.924651766234,-0.386077382807/19.5321663442/
4/-0.215271371079,-0.505519280868,0.328993711638,0.125069396459,0.506946369223,0.147576589263,0.319232741569,0.0525958705316_0.368641148166,-0.0767847248242,0.476616962255,-1.04921877868,-1.04226322488,0.261037610515,-0.383225891955,0.226102218864/0.843017131331,-0.386077382807/21.6051053412/
6/-0.215271371079,-0.505519280868,0.328993711638,0.177958332348,0.506946369223,0.147576589263,0.319232741569,0.0872993017278_0.441339361906,0.189055733643,0.541754328999,-0.965017196588,-0.921068277119,0.210354186683,-0.299855799778,0.270705823203/0.843017131331,-0.386077382807/35.9504493545/
5/0.132285744824,0.787123213049,-0.882994574569,0.0342951396814,0.506563736602,-0.313656920735,0.10539748429,0.947651642678_0.334029268034,-0.0767847248242,0.394158033751,-0.989453950816,-1.02029602584,0.178578682011,-0.383225891955,0.285867046728/-0.924651766234,-0.386077382807/17.7935213244/
3/-0.300590714954,-0.505519280868,0.328993711638,0.177958332348,0.477809510141,0.147576589263,0.319232741569,0.0872993017278_0.338245405813,0.0822471999911,0.499549775496,-1.0005039777,-0.983565021659,0.21700341988,-0.47846895039,0.226102218864/0.843017131331,-0.386077382807/23.4851560694/
7/-0.215271371079,-0.505519280868,0.328993711638,0.177958332348,0.506946369223,0.147576589263,0.319232741569,0.0872993017278_0.301788480023,-0.0653728927101,0.605222269344,-1.06786281138,-1.00888419373,0.191684247811,-0.459500870601,0.200783046795/0.843017131331,-0.386077382807/18.0592390735/
generacion
1/-0.215271371079,-0.505519280868,0.328993711638,0.125069396459,0.506946369223,0.147576589263,0.319232741569,0.0525958705316_0.338245405813,0.0822471999911,0.499549775496,-1.0005039777,-0.983565021659,0.21700341988,-0.47846895039,0.226102218864/0.843017131331,-0.386077382807/23.9237486251/
2/-0.215271371079,-0.443412620775,0.244107228541,0.106841488018,0.422059886126,0.147576589263,0.301004833128,0.114702530624_0.441339361906,0.189055733643,0.541754328999,-0.965017196588,-0.921068277119,0.210354186683,-0.299855799778,0.270705823203/0.843017131331,-0.386077382807/36.8321465515/
7/-0.279225381872,-0.518394876634,0.265039700845,0.102608983855,0.506946369223,0.147576589263,0.319232741569,0.0119499532345_0.366350662665,0.114067034402,0.460128445005,-0.966914835734,-0.913061010205,0.199753987148,-0.267476219318,0.303085403663/0.843017131331,-0.386077382807/32.1769366422/
3/-0.300590714954,-0.505519280868,0.328993711638,0.177958332348,0.477809510141,0.147576589263,0.319232741569,0.0872993017278_0.368641148166,-0.0767847248242,0.476616962255,-1.04921877868,-1.04226322488,0.261037610515,-0.383225891955,0.226102218864/0.843017131331,-0.386077382807/20.7851625133/
6/0.132285744824,0.787123213049,-0.882994574569,0.0342951396814,0.506563736602,-0.313656920735,0.10539748429,0.947651642678_0.49484377333,0.0908603838616,0.443558979218,-1.00491748754,-1.0192636269,0.112158836902,-0.398051149559,0.324210234627/-0.924651766234,-0.386077382807/29.2964185104/
5/-0.215271371079,-0.505519280868,0.328993711638,0.177958332348,0.506946369223,0.147576589263,0.319232741569,0.0872993017278_0.424296544453,-0.0767847248242,0.430241206871,-1.09559453406,-1.03147904025,0.316693006802,-0.429601647339,0.219269826911/0.843017131331,-0.386077382807/24.9701005542/
4/0.21404382517,0.787123213049,-0.882994574569,0.0342951396814,0.506563736602,-0.413388123064,0.10539748429,0.947651642678_0.338245405813,0.0822471999911,0.4180395487,-1.0005039777,-0.983565021659,0.21700341988,-0.37298754788,0.226102218864/-0.924651766234,-0.386077382807/22.6316997865/
8/-0.235518552219,-0.497152298563,0.337360693943,0.157711151208,0.515313351528,0.155943571568,0.327599723874,0.0956662840324_0.334029268034,-0.0767847248242,0.394158033751,-0.989453950816,-1.02029602584,0.178578682011,-0.383225891955,0.285867046728/0.843017131331,-0.386077382807/18.3278455754/
generacion
4/-0.215271371079,-0.505519280868,0.328993711638,0.125069396459,0.506946369223,0.147576589263,0.319232741569,0.0525958705316_0.49484377333,0.0908603838616,0.443558979218,-1.00491748754,-1.0192636269,0.112158836902,-0.398051149559,0.324210234627/0.843017131331,-0.386077382807/29.3803515015/
2/-0.300590714954,-0.505519280868,0.328993711638,0.177958332348,0.477809510141,0.147576589263,0.319232741569,0.0872993017278_0.49484377333,0.0908603838616,0.443558979218,-1.00491748754,-1.0192636269,0.112158836902,-0.398051149559,0.324210234627/0.843017131331,-0.386077382807/29.120171805/
3/-0.300590714954,-0.505519280868,0.328993711638,0.177958332348,0.477809510141,0.147576589263,0.319232741569,0.0872993017278_0.49484377333,0.0908603838616,0.443558979218,-1.00491748754,-1.0192636269,0.112158836902,-0.398051149559,0.324210234627/0.843017131331,-0.386077382807/29.328068087/
1/0.132285744824,0.787123213049,-0.882994574569,0.0342951396814,0.506563736602,-0.313656920735,0.10539748429,0.947651642678_0.330503172477,-0.0767847248242,0.476616962255,-1.08200901047,-1.06005321148,0.243247623917,-0.416016123748,0.226102218864/-0.924651766234,-0.386077382807/17.9064945822/
5/0.132285744824,0.787123213049,-0.882994574569,0.0342951396814,0.506563736602,-0.313656920735,0.10539748429,0.947651642678_0.368641148166,-0.0767847248242,0.476616962255,-1.04921877868,-1.04226322488,0.261037610515,-0.383225891955,0.226102218864/-0.924651766234,-0.386077382807/20.6850867543/
7/0.132285744824,0.787123213049,-0.882994574569,0.0342951396814,0.506563736602,-0.313656920735,0.10539748429,0.947651642678_0.338245405813,0.0822471999911,0.499549775496,-1.0005039777,-0.983565021659,0.21700341988,-0.47846895039,0.226102218864/-0.924651766234,-0.386077382807/23.1236650853/
6/-0.279225381872,-0.518394876634,0.265039700845,0.102608983855,0.506946369223,0.147576589263,0.319232741569,0.0119499532345_0.49484377333,0.0908603838616,0.443558979218,-1.00491748754,-1.0192636269,0.112158836902,-0.398051149559,0.324210234627/0.843017131331,-0.386077382807/29.3834655562/
8/0.132285744824,0.787123213049,-0.882994574569,0.0342951396814,0.506563736602,-0.313656920735,0.10539748429,0.947651642678_0.366350662665,0.162304088386,0.460128445005,-0.966914835734,-0.913061010205,0.199753987148,-0.229928162491,0.303085403663/-0.924651766234,-0.386077382807/35.5257081927/
