inicio
1/0.442677533664,0.307720335778,-0.033055015063,-0.689592450348,0.0882422268404,0.169027854651,-0.322393607856,0.136951038316_-0.436690272511,0.379311176968,0.681429258173,0.861788329989,-0.0563457635152,-0.00460559147171,0.701394585442,-0.714204508041/-0.291535671183,0.881711806495/0/
2/0.618151407892,0.777876223949,-0.85209167391,0.0901900338767,0.0863800525568,0.458865691506,-0.553670602925,0.822014029948_-0.248236687889,-0.957420465753,0.711459256947,0.974856573288,0.149548691061,0.312225790747,0.254798343711,0.717014023682/-0.934890259027,-0.38962387196/0/
3/-0.86509587731,-0.292021174492,-0.73264586338,-0.333863001279,-0.545847443927,0.0698666614057,-0.398660716165,-0.756920316231_0.79346808053,-0.173822103681,0.411032987655,-0.300726755199,-0.344972373512,0.0257115055664,-0.725713922151,-0.00532244588317/-0.379017283298,0.0936642165426/0/
4/-0.723881047885,-0.217469101687,-0.572684586258,0.915029661442,0.17787399293,-0.205154594155,-0.155439438492,0.370354603037_-0.296849501925,-0.699740103994,0.337685719607,-0.63728758265,0.0822262546736,0.218479541177,0.656907882226,0.80809403408/-0.464918444678,0.185748745026/0/
5/-0.821963141972,0.775657071438,0.901655940073,-0.61997152287,-0.434213583042,0.84097982725,0.530974783263,-0.48243996436_-0.107416869481,-0.31697118155,0.779897833756,-0.799447648964,-0.377990879958,0.218308913515,0.610699925176,-0.488448122533/-0.905519384667,-0.483127644917/0/
6/-0.066724688568,0.813302065126,0.0600420324895,0.087757695412,0.901084009454,-0.581275178599,0.543037543369,0.706762219247_0.118011025288,-0.390162931671,0.420901739019,-0.851373443411,-0.960619201829,-0.823965148995,-0.284917792995,-0.130771825296/-0.262702253675,-0.07626558395/0/
7/0.0830876389297,0.743826078166,0.570388498386,0.937772202983,0.117721342231,0.782526634603,0.513121732604,0.0521136169467_0.55675403608,-0.883672924206,0.475619928212,-0.464829654168,0.587049456706,-0.477634448718,-0.133862959724,-0.279291107729/0.156100780326,-0.740993818322/0/
8/-0.890092420587,-0.896204276059,-0.0179002548659,-0.357692145381,-0.0197423376919,-0.430882771362,-0.0929788417078,-0.667269767462_-0.016084356799,-0.105433953404,0.322245033317,-0.716908290721,0.137530870254,-0.687933565261,-0.199133136196,0.664279778141/0.397728471256,0.374529475237/0/
9/-0.774763917491,0.435765843822,0.569146166766,-0.357975333994,0.969878075143,0.458823520993,0.978329333865,-0.0301054673356_-0.501513498236,0.276368125995,0.459183987965,-0.731695989239,0.0488226151243,0.608332684721,0.140015982131,-0.253803346435/-0.0747531559865,-0.991585007376/0/
10/-0.00148240672733,-0.401985548831,0.4970624784,-0.484599759329,-0.520006411483,0.60849931789,-0.906176736745,-0.565039073475_0.223386471552,0.16959688167,0.976110981711,-0.335237216386,0.428774988926,-0.934982718178,-0.153768634692,-0.832194821169/-0.437217608016,-0.435646944482/0/
11/-0.629078895133,0.737348697055,0.825988419027,0.270943282732,0.625182962158,0.331682782477,-0.292399262957,0.415585863827_-0.932622023998,-0.714993223097,-0.78014346643,-0.863136976798,0.331011155983,-0.0860039349638,-0.0741722167085,0.507372948253/-0.925962936571,-0.198862178367/0/
12/-0.0494004122246,0.282110607926,-0.808640146836,-0.760681746413,-0.321480087971,-0.981635376241,0.531908352933,-0.754237388028_0.966202726346,0.875380455835,0.854000326824,-0.64578170631,-0.0258794151016,-0.38703305764,0.929532657794,-0.761450739468/-0.706038558256,0.310700926452/0/
13/0.282155294212,-0.4385941546,-0.272138171591,-0.125183478169,-0.906550571298,-0.61583191381,-0.0689977433489,-0.341119496643_0.0138435777571,-0.535418077201,0.709732304504,-0.803074413201,0.897709383194,-0.619456443329,0.150172842944,0.312461458418/-0.445313662096,-0.996438236449/0/
14/-0.9060076657,0.00098277909136,0.657824042936,-0.429212649182,0.893004828276,-0.648477992239,-0.696123760768,-0.617702506177_-0.425228592586,0.0763877296885,-0.684590243833,-0.692501634179,0.657005886442,0.761875355996,0.579402057211,-0.687470008458/0.33858428854,0.888028517436/0/
15/-0.766898359056,-0.412119485124,0.0565510251838,0.148579885707,0.801270188241,-0.0154626061755,-0.289112222298,0.249943176696_-0.176549849201,0.923456710272,-0.854068687464,0.943247277077,0.961762453863,-0.0665772319069,0.684648264962,-0.931815802693/-0.746749297237,0.416151726698/0/
16/0.44035746552,0.0503420623911,-0.0346675765406,-0.720250941774,0.0879701068039,-0.693747627671,0.609030740647,-0.524096820443_0.307729247778,-0.759611425843,-0.922644201412,0.484553831868,-0.979379587605,0.0501412207105,0.0580328739346,0.29231610028/-0.740002615178,0.0617022005786/0/
17/0.989819134272,-0.610488421087,0.0949145930637,-0.877600276173,0.900686042767,0.573279760191,0.843170188926,-0.80137310119_0.992050697415,0.336920502341,-0.393098255043,-0.926779707545,-0.239559840153,-0.47542992519,0.153896698868,-0.747860020798/-0.930259910156,0.396422997229/0/
18/0.931218086428,0.362043279402,-0.481432241458,0.0024324862831,-0.864915494239,-0.419801546939,-0.832033189444,0.230182219885_0.950087141449,0.784725498039,0.922620589635,0.735838718858,-0.524827327773,0.275627984292,0.633249023152,-0.915343464435/-0.518903181038,0.43827833548/0/
19/-0.966993081709,0.531246135362,-0.835480551749,-0.359330069853,0.816645283975,0.152091155932,0.0756249810112,-0.143020082047_0.0428829759616,0.953192257596,-0.646085716749,0.13982424505,-0.285066405651,0.833841481573,0.58542835816,-0.35249998822/-0.644755514942,-0.546134995626/0/
20/0.71273147699,0.638034111424,0.1040011271,0.189673421244,0.364529382418,0.381152680198,-0.285548581192,0.967706091595_-0.116603195983,0.733488169453,-0.670075227592,-0.504660859029,-0.411374391024,-0.169836485603,-0.859486523619,0.0662023723763/-0.410127830287,0.0832394709795/0/
21/0.0050643469922,-0.326664830007,0.778465062582,-0.934881644209,0.87756730937,0.541311951635,0.797573899891,0.353928343772_-0.790328094928,0.629997389722,-0.115802747451,0.494148274527,0.248358913288,0.590574346821,0.921502691557,0.99543393613/-0.437125916305,-0.710973303805/0/
22/0.228832832462,0.724394213566,0.243678518675,-0.257785840353,0.613806289383,0.946640348128,-0.796580655148,0.828328190653_-0.0484629151842,-0.476025868293,-0.896026243397,0.432103151577,0.125595634897,0.817693458088,0.769682975111,0.705372882411/0.884945926267,0.500860563043/0/
23/-0.708214890754,0.787697643891,0.795522647369,-0.516325656597,0.0707225267015,0.424317811029,0.0467868092398,-0.0336924157451_0.25118105779,-0.784219232514,0.808186607379,-0.104506532038,0.148350662274,0.117568356027,-0.123644135135,-0.435825632089/0.526910500012,-0.476990413977/0/
24/-0.828593082987,0.950241871551,0.873654803139,0.564190993736,0.541232759385,0.597317179742,-0.975228996479,0.16338323729_0.857961684769,0.0234268602011,-0.0372170823855,-0.339155946785,-0.252962854073,0.640714174555,-0.77227894337,-0.000291854888738/-0.539205022084,0.115491910374/0/
25/0.33154149085,-0.282219406455,0.832698942377,-0.0830899066039,-0.228091414375,0.344762740811,0.405255861781,-0.166219709473_-0.659017429188,0.856644429278,0.81875943167,0.40747379679,0.514591628289,-0.0131139151883,0.934820501429,0.982390396534/-0.782898286552,-0.269932556731/0/
26/0.88321372342,-0.570894489503,-0.347817656447,0.0344534567333,-0.79980363068,0.405195694226,0.201079197045,0.0703500717127_0.790012645117,-0.941017314982,0.211271582998,0.272512984115,-0.790740587038,-0.18407720184,-0.886760714591,0.496577824845/0.868250193191,-0.0952627343522/0/
27/0.823199583557,-0.80582297868,-0.898023030671,-0.689815008237,-0.656524126353,0.537988064683,0.482919756176,0.415337645023_-0.608521222124,0.53305399368,-0.678036786797,0.703622364129,-0.422479004169,-0.0713968602296,0.736077335858,0.528164274311/0.427642834661,0.364757292266/0/
28/0.608080544403,0.554832290587,0.386740170379,-0.498635711134,-0.236079649973,-0.296421509052,-0.748420732479,-0.923230479028_0.776011304995,0.719480002989,-0.696791831799,0.978975937387,-0.0111291569742,-0.128989469116,0.867996321554,0.854564703595/0.721804038532,0.702951566353/0/
29/-0.149476283838,0.49665203905,0.175751280327,0.343640028184,0.596132180396,0.524814575084,-0.190561003735,-0.725778478905_-0.914390720849,0.189788974488,0.483680288227,0.130366219017,0.904255722717,-0.452469005655,-0.0148307329757,-0.966122597321/-0.13528654218,0.0662837199179/0/
30/-0.440751961148,0.118211915721,0.970197787536,0.0961066160586,0.00443278642568,-0.875563485323,0.46184242427,-0.0466927531503_-0.961699986239,-0.995605395601,-0.573329390146,-0.435481442084,-0.43428111383,0.882681704886,0.10209869234,-0.899582339915/0.478034925269,0.566014631158/0/
generacion
7/0.0830876389297,0.743826078166,0.570388498386,0.937772202983,0.117721342231,0.782526634603,0.513121732604,0.0521136169467_0.55675403608,-0.883672924206,0.475619928212,-0.464829654168,0.587049456706,-0.477634448718,-0.133862959724,-0.279291107729/0.156100780326,-0.740993818322/26.7123070704/
5/-0.821963141972,0.775657071438,0.901655940073,-0.61997152287,-0.434213583042,0.84097982725,0.530974783263,-0.48243996436_-0.107416869481,-0.31697118155,0.779897833756,-0.799447648964,-0.377990879958,0.218308913515,0.610699925176,-0.488448122533/-0.905519384667,-0.483127644917/13.8980175598/
18/0.931218086428,0.362043279402,-0.481432241458,0.0024324862831,-0.864915494239,-0.419801546939,-0.832033189444,0.230182219885_0.950087141449,0.784725498039,0.922620589635,0.735838718858,-0.524827327773,0.275627984292,0.633249023152,-0.915343464435/-0.518903181038,0.43827833548/11.8552108148/
23/-0.708214890754,0.787697643891,0.795522647369,-0.516325656597,0.0707225267015,0.424317811029,0.0467868092398,-0.0336924157451_0.25118105779,-0.784219232514,0.808186607379,-0.104506532038,0.148350662274,0.117568356027,-0.123644135135,-0.435825632089/0.526910500012,-0.476990413977/126.717976244/
2/0.618151407892,0.777876223949,-0.85209167391,0.0901900338767,0.0863800525568,0.458865691506,-0.553670602925,0.822014029948_-0.248236687889,-0.957420465753,0.711459256947,0.974856573288,0.149548691061,0.312225790747,0.254798343711,0.717014023682/-0.934890259027,-0.38962387196/33.0332152227/
9/-0.774763917491,0.435765843822,0.569146166766,-0.357975333994,0.969878075143,0.458823520993,0.978329333865,-0.0301054673356_-0.501513498236,0.276368125995,0.459183987965,-0.731695989239,0.0488226151243,0.608332684721,0.140015982131,-0.253803346435/-0.0747531559865,-0.991585007376/15.4343993403/
24/-0.828593082987,0.950241871551,0.873654803139,0.564190993736,0.541232759385,0.597317179742,-0.975228996479,0.16338323729_0.857961684769,0.0234268602011,-0.0372170823855,-0.339155946785,-0.252962854073,0.640714174555,-0.77227894337,-0.000291854888738/-0.539205022084,0.115491910374/11.9665253687/
11/-0.629078895133,0.737348697055,0.825988419027,0.270943282732,0.625182962158,0.331682782477,-0.292399262957,0.415585863827_-0.932622023998,-0.714993223097,-0.78014346643,-0.863136976798,0.331011155983,-0.0860039349638,-0.0741722167085,0.507372948253/-0.925962936571,-0.198862178367/11.7860304448/
20/0.71273147699,0.638034111424,0.1040011271,0.189673421244,0.364529382418,0.381152680198,-0.285548581192,0.967706091595_-0.116603195983,0.733488169453,-0.670075227592,-0.504660859029,-0.411374391024,-0.169836485603,-0.859486523619,0.0662023723763/-0.410127830287,0.0832394709795/16.0815053606/
6/-0.066724688568,0.813302065126,0.0600420324895,0.087757695412,0.901084009454,-0.581275178599,0.543037543369,0.706762219247_0.118011025288,-0.390162931671,0.420901739019,-0.851373443411,-0.960619201829,-0.823965148995,-0.284917792995,-0.130771825296/-0.262702253675,-0.07626558395/13.3150727398/
26/0.88321372342,-0.570894489503,-0.347817656447,0.0344534567333,-0.79980363068,0.405195694226,0.201079197045,0.0703500717127_0.790012645117,-0.941017314982,0.211271582998,0.272512984115,-0.790740587038,-0.18407720184,-0.886760714591,0.496577824845/0.868250193191,-0.0952627343522/33.594346836/
17/0.989819134272,-0.610488421087,0.0949145930637,-0.877600276173,0.900686042767,0.573279760191,0.843170188926,-0.80137310119_0.992050697415,0.336920502341,-0.393098255043,-0.926779707545,-0.239559840153,-0.47542992519,0.153896698868,-0.747860020798/-0.930259910156,0.396422997229/16.4242826606/
1/0.442677533664,0.307720335778,-0.033055015063,-0.689592450348,0.0882422268404,0.169027854651,-0.322393607856,0.136951038316_-0.436690272511,0.379311176968,0.681429258173,0.861788329989,-0.0563457635152,-0.00460559147171,0.701394585442,-0.714204508041/-0.291535671183,0.881711806495/17.8743019475/
28/0.608080544403,0.554832290587,0.386740170379,-0.498635711134,-0.236079649973,-0.296421509052,-0.748420732479,-0.923230479028_0.776011304995,0.719480002989,-0.696791831799,0.978975937387,-0.0111291569742,-0.128989469116,0.867996321554,0.854564703595/0.721804038532,0.702951566353/13.167519223/
25/0.33154149085,-0.282219406455,0.832698942377,-0.0830899066039,-0.228091414375,0.344762740811,0.405255861781,-0.166219709473_-0.659017429188,0.856644429278,0.81875943167,0.40747379679,0.514591628289,-0.0131139151883,0.934820501429,0.982390396534/-0.782898286552,-0.269932556731/15.7675469927/
10/-0.00148240672733,-0.401985548831,0.4970624784,-0.484599759329,-0.520006411483,0.60849931789,-0.906176736745,-0.565039073475_0.223386471552,0.16959688167,0.976110981711,-0.335237216386,0.428774988926,-0.934982718178,-0.153768634692,-0.832194821169/-0.437217608016,-0.435646944482/13.1241136906/
27/0.823199583557,-0.80582297868,-0.898023030671,-0.689815008237,-0.656524126353,0.537988064683,0.482919756176,0.415337645023_-0.608521222124,0.53305399368,-0.678036786797,0.703622364129,-0.422479004169,-0.0713968602296,0.736077335858,0.528164274311/0.427642834661,0.364757292266/18.0890925022/
22/0.228832832462,0.724394213566,0.243678518675,-0.257785840353,0.613806289383,0.946640348128,-0.796580655148,0.828328190653_-0.0484629151842,-0.476025868293,-0.896026243397,0.432103151577,0.125595634897,0.817693458088,0.769682975111,0.705372882411/0.884945926267,0.500860563043/15.3209005076/
29/-0.149476283838,0.49665203905,0.175751280327,0.343640028184,0.596132180396,0.524814575084,-0.190561003735,-0.725778478905_-0.914390720849,0.189788974488,0.483680288227,0.130366219017,0.904255722717,-0.452469005655,-0.0148307329757,-0.966122597321/-0.13528654218,0.0662837199179/13.9666362752/
16/0.44035746552,0.0503420623911,-0.0346675765406,-0.720250941774,0.0879701068039,-0.693747627671,0.609030740647,-0.524096820443_0.307729247778,-0.759611425843,-0.922644201412,0.484553831868,-0.979379587605,0.0501412207105,0.0580328739346,0.29231610028/-0.740002615178,0.0617022005786/12.5257250749/
15/-0.766898359056,-0.412119485124,0.0565510251838,0.148579885707,0.801270188241,-0.0154626061755,-0.289112222298,0.249943176696_-0.176549849201,0.923456710272,-0.854068687464,0.943247277077,0.961762453863,-0.0665772319069,0.684648264962,-0.931815802693/-0.746749297237,0.416151726698/11.7848943549/
30/-0.440751961148,0.118211915721,0.970197787536,0.0961066160586,0.00443278642568,-0.875563485323,0.46184242427,-0.0466927531503_-0.961699986239,-0.995605395601,-0.573329390146,-0.435481442084,-0.43428111383,0.882681704886,0.10209869234,-0.899582339915/0.478034925269,0.566014631158/14.0103692355/
4/-0.723881047885,-0.217469101687,-0.572684586258,0.915029661442,0.17787399293,-0.205154594155,-0.155439438492,0.370354603037_-0.296849501925,-0.699740103994,0.337685719607,-0.63728758265,0.0822262546736,0.218479541177,0.656907882226,0.80809403408/-0.464918444678,0.185748745026/17.6957046232/
19/-0.966993081709,0.531246135362,-0.835480551749,-0.359330069853,0.816645283975,0.152091155932,0.0756249810112,-0.143020082047_0.0428829759616,0.953192257596,-0.646085716749,0.13982424505,-0.285066405651,0.833841481573,0.58542835816,-0.35249998822/-0.644755514942,-0.546134995626/16.8641793615/
14/-0.9060076657,0.00098277909136,0.657824042936,-0.429212649182,0.893004828276,-0.648477992239,-0.696123760768,-0.617702506177_-0.425228592586,0.0763877296885,-0.684590243833,-0.692501634179,0.657005886442,0.761875355996,0.579402057211,-0.687470008458/0.33858428854,0.888028517436/20.7488665312/
8/-0.890092420587,-0.896204276059,-0.0179002548659,-0.357692145381,-0.0197423376919,-0.430882771362,-0.0929788417078,-0.667269767462_-0.016084356799,-0.105433953404,0.322245033317,-0.716908290721,0.137530870254,-0.687933565261,-0.199133136196,0.664279778141/0.397728471256,0.374529475237/92.0736071627/
3/-0.86509587731,-0.292021174492,-0.73264586338,-0.333863001279,-0.545847443927,0.0698666614057,-0.398660716165,-0.756920316231_0.79346808053,-0.173822103681,0.411032987655,-0.300726755199,-0.344972373512,0.0257115055664,-0.725713922151,-0.00532244588317/-0.379017283298,0.0936642165426/222.644117748/
12/-0.0494004122246,0.282110607926,-0.808640146836,-0.760681746413,-0.321480087971,-0.981635376241,0.531908352933,-0.754237388028_0.966202726346,0.875380455835,0.854000326824,-0.64578170631,-0.0258794151016,-0.38703305764,0.929532657794,-0.761450739468/-0.706038558256,0.310700926452/114.501398309/
13/0.282155294212,-0.4385941546,-0.272138171591,-0.125183478169,-0.906550571298,-0.61583191381,-0.0689977433489,-0.341119496643_0.0138435777571,-0.535418077201,0.709732304504,-0.803074413201,0.897709383194,-0.619456443329,0.150172842944,0.312461458418/-0.445313662096,-0.996438236449/16.5578152427/
generacion
21/0.0050643469922,-0.326664830007,0.778465062582,-0.934881644209,0.87756730937,0.541311951635,0.797573899891,0.353928343772_-0.790328094928,0.629997389722,-0.115802747451,0.494148274527,0.248358913288,0.590574346821,0.921502691557,0.99543393613/-0.437125916305,-0.710973303805/27.0196182193/
6/-0.708214890754,0.83512627631,0.795522647369,-0.516325656597,0.0707225267015,0.424317811029,0.0467868092398,-0.0336924157451_0.98380210547,0.954375589466,0.932995460455,-0.566786572679,0.0531157185292,-0.369433678516,1.00852779142,-0.682455605837/0.526910500012,0.310700926452/11.8764491948/
29/-0.640170955177,0.787697643891,0.840309520506,-0.516325656597,0.138766462279,0.353289631069,-0.0242413707206,-0.0336924157451_-0.425228592586,0.0763877296885,-0.684590243833,-0.692501634179,0.63602511918,0.761875355996,0.525158650844,-0.687470008458/0.526910500012,0.888028517436/18.1153316798/
13/-0.688338001277,0.787697643891,0.846944409435,-0.599522490979,-0.0124743076809,0.424317811029,0.0467868092398,-0.0336924157451_-0.130723647161,-0.397265966616,0.740730869747,-0.799447648964,-0.401297657638,0.218308913515,0.571532961167,-0.488448122533/0.526910500012,-0.483127644917/13.9946029183/
4/-0.0883803898651,0.813302065126,0.0600420324895,0.087757695412,0.901084009454,-0.581275178599,0.511823436683,0.706762219247_0.709636786502,-0.173822103681,0.389714173716,-0.300726755199,-0.344972373512,0.0257115055664,-0.725713922151,-0.00532244588317/-0.262702253675,0.0936642165426/14.8420020347/
15/-0.708214890754,0.787697643891,0.776431776187,-0.516325656597,0.16663350508,0.424317811029,0.0467868092398,-0.0336924157451_1.0014268246,0.910604554088,0.862772703343,-0.610557608057,0.00934468315166,-0.351808959387,0.964756756047,-0.726226641215/0.526910500012,0.310700926452/12.072280886/
3/0.88321372342,-0.570894489503,-0.347817656447,0.13423468955,-0.79980363068,0.405195694226,0.201079197045,-0.0232000983906_0.88106796327,0.875380455835,0.858311555043,-0.730916469386,-0.0448069302224,-0.38703305764,0.910605142673,-0.761450739468/0.868250193191,0.310700926452/14.1435755771/
20/-0.629078895133,0.737348697055,0.825988419027,0.270943282732,0.625182962158,0.331682782477,-0.311459004462,0.415585863827_-0.0643962880197,-0.153745884625,0.273933102096,-0.745949446206,0.0892189390333,-0.747475301723,-0.247445067417,0.726110116907/-0.925962936571,0.374529475237/13.6426529834/
12/-0.821963141972,0.775657071438,0.901655940073,-0.61997152287,-0.434213583042,0.84097982725,0.530974783263,-0.48243996436_0.313005780375,-0.810681197612,0.872591933757,-0.0426818094529,0.148350662274,0.179393078612,-0.0592388087573,-0.374000909504/-0.905519384667,-0.476990413977/21.5017766476/
24/0.0562349538736,0.704625557526,0.531187977746,0.910919517927,0.0908686571749,0.743326113963,0.595928671284,0.0252609318906_0.182275590478,-0.390162931671,0.485166304209,-0.821590541983,-0.960619201829,-0.760396605123,-0.255134891567,-0.0665072601063/0.156100780326,-0.07626558395/14.655556792/
26/-0.774763917491,0.435765843822,0.569146166766,-0.357975333994,0.969878075143,0.458823520993,0.910050508604,0.06774054621_0.79346808053,-0.173822103681,0.411032987655,-0.300726755199,-0.344972373512,0.0257115055664,-0.725713922151,-0.00532244588317/-0.0747531559865,0.0936642165426/13.969042054/
25/-0.123778048131,0.813302065126,0.0600420324895,0.087757695412,0.901084009454,-0.581275178599,0.560980243144,0.706762219247_0.55675403608,-0.883672924206,0.475619928212,-0.464829654168,0.587049456706,-0.498899997917,-0.133862959724,-0.279291107729/-0.262702253675,-0.740993818322/23.7892796663/
30/-0.440751961148,0.118211915721,0.970197787536,0.0961066160586,0.00443278642568,-0.875563485323,0.46184242427,-0.0466927531503_-0.961699986239,-0.995605395601,-0.573329390146,-0.435481442084,-0.43428111383,0.882681704886,0.10209869234,-0.899582339915/0.478034925269,0.566014631158/13.6496002869/
5/-0.929131179814,-0.356056476996,-0.693524111129,-0.294741249028,-0.609882746431,0.0058313589018,-0.462696018669,-0.742130329447_0.118011025288,-0.390162931671,0.420901739019,-0.834772512258,-0.960619201829,-0.801719190269,-0.262671834269,-0.0730545630202/-0.379017283298,-0.07626558395/7.89919139017/
22/-0.914740615274,-0.835925593629,0.0423784275641,-0.382340340068,-0.0443905323787,-0.455530966049,-0.0327001592778,-0.691917962149_-0.932622023998,-0.714993223097,-0.78014346643,-0.863136976798,0.331011155983,-0.0860039349638,-0.0741722167085,0.507372948253/0.397728471256,-0.198862178367/7.80487904515/
9/0.0359381351756,0.367449155326,-0.871721206162,-0.675343199013,-0.361852436776,-0.896296828841,0.617246900333,-0.817318447354_0.709499444922,-0.173822103681,0.411032987655,-0.300726755199,-0.360652850835,-0.0582571300413,-0.741394399474,-0.00153904189975/-0.706038558256,0.0936642165426/34.092931894/
1/-0.9060076657,0.00098277909136,0.657824042936,-0.429212649182,0.893004828276,-0.648477992239,-0.696123760768,-0.617702506177_0.25118105779,-0.752768823892,0.808186607379,-0.104506532038,0.148350662274,0.0938116426258,-0.123644135135,-0.435825632089/0.33858428854,-0.476990413977/639.746979938/
7/-0.0494004122246,0.282110607926,-0.808640146836,-0.760681746413,-0.321480087971,-0.981635376241,0.531908352933,-0.754237388028_0.25118105779,-0.784219232514,0.808186607379,-0.104506532038,0.148350662274,0.117568356027,-0.123644135135,-0.435825632089/-0.706038558256,-0.476990413977/937.155129786/
14/-0.0494004122246,0.282110607926,-0.808640146836,-0.760681746413,-0.321480087971,-0.981635376241,0.53542239606,-0.72327492319_0.226667759686,-0.784219232514,0.808186607379,-0.104506532038,0.148350662274,0.0715045992073,-0.123644135135,-0.435825632089/-0.706038558256,-0.476990413977/322.663973668/
16/-0.0494004122246,0.282110607926,-0.808640146836,-0.760681746413,-0.321480087971,-0.981635376241,0.531908352933,-0.754237388028_0.814227076151,-0.173822103681,0.411032987655,-0.300726755199,-0.389301977619,0.0942523609,-0.725713922151,-0.0496520499905/-0.706038558256,0.0936642165426/109.666912816/
2/0.0341643671538,0.365675387304,-0.808640146836,-0.773349367137,-0.321480087971,-1.01780921775,0.531908352933,-0.79041122954_0.777251851854,-0.964878697213,0.250965639337,0.259752190852,-0.826248767646,-0.196837995103,-0.899521507854,0.536271881184/-0.706038558256,-0.0952627343522/213.015705565/
8/-0.86509587731,-0.31526474138,-0.698682161258,-0.299899299157,-0.511883741805,0.14284248971,-0.364697014043,-0.805240286698_0.983904065451,0.807562746232,0.786182617221,-0.624329725309,-0.0936971247042,-0.454850767243,0.950984638795,-0.743749400363/-0.379017283298,0.310700926452/76.1974256262/
17/-0.917707736254,-0.339869264518,-0.780493953406,-0.33138655232,-0.543370994968,0.0723431103647,-0.320104397999,-0.678363998065_0.966202726346,0.879131511861,0.916077865665,-0.740943781299,-0.121041490091,-0.324955518799,0.93328371382,-0.757699683442/-0.379017283298,0.310700926452/72.5958696397/
10/-0.928413374554,-0.934525230026,0.0227186417878,-0.386157014634,-0.0482072069447,-0.459347640615,-0.131299795675,-0.705590721429_0.966202726346,0.875380455835,0.854000326824,-0.64578170631,-0.0258794151016,-0.38703305764,0.929532657794,-0.761450739468/0.397728471256,0.310700926452/78.4513442069/
23/-0.8778984824,-0.30085658148,-0.781860676439,-0.333863001279,-0.545847443927,0.0698666614057,-0.407496123153,-0.756920316231_-0.0307316588536,-0.190532688839,0.307597731262,-0.731555592776,0.0524321348192,-0.773032300696,-0.284231871631,0.579181042706/-0.379017283298,0.374529475237/21.9386662203/
11/-0.0600436497124,0.282110607926,-0.819283384324,-0.758534898975,-0.321480087971,-0.981635376241,0.622577054946,-0.754237388028_-0.016084356799,-0.0681805679293,0.322245033317,-0.685893103811,0.137530870254,-0.687933565261,-0.199133136196,0.664279778141/-0.706038558256,0.374529475237/184.732648461/
18/-0.83832582319,-0.370259995688,-0.727515706776,-0.328732844675,-0.624086265123,0.0966367155256,-0.371890662045,-0.730150262111_-0.016084356799,-0.105433953404,0.374387640791,-0.716908290721,0.137530870254,-0.687933565261,-0.199133136196,0.673003423737/-0.379017283298,0.374529475237/176.409602688/
27/-0.86509587731,-0.292021174492,-0.73264586338,-0.333863001279,-0.545847443927,0.0698666614057,-0.49143793628,-0.680074854062_-0.501513498236,0.276368125995,0.459183987965,-0.731695989239,0.0488226151243,0.577442588328,0.156711399698,-0.253803346435/-0.379017283298,-0.991585007376/39.5130273896/
19/-0.890092420587,-0.896204276059,-0.0179002548659,-0.372796765778,0.065272308733,-0.430882771362,-0.0929788417078,-0.667269767462_0.703066583463,-0.241747936706,0.320631490588,-0.368652588224,-0.344972373512,-0.0422143274588,-0.816115419218,-0.026020160508/0.397728471256,0.0936642165426/320.47807095/
28/-0.943918843734,-0.890490340335,-0.00319639218953,-0.351978209657,-0.0197423376919,-0.430882771362,-0.0782749790314,-0.721096190609_0.785291654319,-0.142954195581,0.441900895755,-0.337826105437,-0.38207172375,0.0565794136663,-0.762813272389,0.0255454622167/0.397728471256,0.0936642165426/167.369830122/
generacion
5/-0.708214890754,0.83512627631,0.795522647369,-0.516325656597,0.0707225267015,0.424317811029,0.0467868092398,-0.0336924157451_0.191178907075,-0.812770974607,0.72841652697,-0.184276612447,0.0883485115585,0.0938116426258,-0.0408222525147,-0.353003749469/0.526910500012,-0.476990413977/30.8832133796/
11/-0.782292141493,0.787697643891,0.804830995693,-0.590402907336,0.0925562543411,0.378666714673,0.0751860287461,-0.107769666484_0.833102697447,-0.0588043397066,0.526050751629,-0.253676249563,-0.354612492153,0.0840386452632,-0.678663416515,0.0530046938136/0.526910500012,0.0936642165426/8.88230139348/
10/-0.821963141972,0.775657071438,0.901655940073,-0.61997152287,-0.343878316132,0.771366730881,0.530974783263,-0.48243996436_0.169842560813,-0.865557729491,0.726848110402,-0.185845029015,0.0670121652971,0.0362298590501,-0.177602565978,-0.517164129066/-0.905519384667,-0.476990413977/11.3698715871/
8/-0.995869532346,-0.942441028947,-0.0534448051458,-0.403928898269,-0.0699907506482,-0.482833459974,-0.130225667644,-0.739276503731_0.978680960046,0.910604554088,0.871294929467,-0.602035381933,0.0895770472765,-0.271576595262,0.964756756047,-0.748972505769/0.397728471256,0.310700926452/5.37972332777/
1/-0.934038875986,-0.424296040774,-0.823228759572,-0.424445897471,-0.61899516376,0.133285067267,-0.467603714841,-0.825863314907_0.163957300072,-0.820685028932,0.720962849661,-0.116195237989,0.0804344572335,0.00658788490815,-0.191560340175,-0.523049389807/-0.379017283298,-0.476990413977/6.07427366984/
23/0.0308852481758,0.343043048346,-0.808640146836,-0.760681746413,-0.409046690182,-0.901349715841,0.531908352933,-0.841803990239_0.703066583463,-0.241747936706,0.320631490588,-0.26966009733,-0.344972373512,-0.0248867989556,-0.816115419218,-0.026020160508/-0.706038558256,0.0936642165426/17.369729307/
14/-0.987627459045,0.0546860133942,0.576204249591,-0.510832442527,0.826253158762,-0.715229661753,-0.743947265452,-0.699322299522_-0.016084356799,-0.0681805679293,0.355377974971,-0.685893103811,0.190267135333,-0.654800623607,-0.148572070621,0.664279778141/0.33858428854,0.374529475237/12.5397244921/
12/-0.9060076657,0.00098277909136,0.657824042936,-0.429212649182,0.893004828276,-0.741424924317,-0.696123760768,-0.617702506177_0.722793654781,-0.265255525051,0.482307460788,-0.392160176569,-0.447421945113,0.165526834033,-0.817147343521,-0.14108547136/0.33858428854,0.0936642165426/17.9306745508/
19/0.0300986608697,0.29992560378,-0.729141073742,-0.668392588393,-0.411811389974,-0.891493065659,0.712719365528,-0.720437893427_0.25118105779,-0.784219232514,0.808186607379,-0.104506532038,0.148350662274,0.190183087124,-0.155430697998,-0.435825632089/-0.706038558256,-0.476990413977/94.0235105657/
3/-0.864550355489,0.0557984408297,0.621334020695,-0.374396987444,0.947820490014,-0.593662330501,-0.64130809903,-0.576245195966_-0.016084356799,-0.105433953404,0.374387640791,-0.716908290721,0.137530870254,-0.687933565261,-0.199133136196,0.673003423737/0.33858428854,0.374529475237/13.8372062137/
18/-0.884060295903,0.00098277909136,0.657824042936,-0.429212649182,0.893004828276,-0.648477992239,-0.769117590174,-0.617702506177_0.281998802573,-0.784219232514,0.808186607379,-0.132380817102,0.148350662274,0.117568356027,-0.123644135135,-0.435825632089/0.33858428854,-0.476990413977/163.766278201/
6/-0.866780463659,0.0610116773225,0.657824042936,-0.509077827971,0.813139649487,-0.609250790198,-0.775988939557,-0.633056071598_0.25118105779,-0.784219232514,0.808186607379,-0.104506532038,0.148350662274,0.117568356027,-0.123644135135,-0.435825632089/0.33858428854,-0.476990413977/197.913704855/
13/-0.14080300115,0.366308386638,-0.724442368124,-0.676483967701,-0.331513842063,-0.991669130333,0.521874598841,-0.76427114212_0.313005780375,-0.810681197612,0.872591933757,-0.0861672635504,0.11201189213,0.179393078612,-0.0592388087573,-0.374000909504/-0.706038558256,-0.476990413977/76.2926677691/
7/0.0917915392467,0.270750436251,-0.903565097889,-0.715722195044,-0.331977927181,-1.1127341688,0.43698340188,-0.885336180593_0.25118105779,-0.784219232514,0.876682300308,-0.104506532038,0.0847158266944,0.117568356027,-0.123644135135,-0.435825632089/-0.706038558256,-0.476990413977/345.320283798/
9/-0.0494004122246,0.282110607926,-0.808640146836,-0.760681746413,-0.321480087971,-0.981635376241,0.625564974804,-0.853156845798_0.25118105779,-0.752768823892,0.808186607379,-0.104506532038,0.148350662274,0.0938116426258,-0.123644135135,-0.435825632089/-0.706038558256,-0.476990413977/232.901904511/
29/-0.890092420587,-0.896204276059,-0.0179002548659,-0.313342050592,0.065272308733,-0.430882771362,-0.0929788417078,-0.667269767462_0.0325137193449,-0.186780097012,0.370843109461,-0.649039438841,0.0561847266465,-0.650565294358,-0.220823117692,0.823020124272/0.397728471256,0.374529475237/22.8088121656/
4/0.0208095821747,0.352320602325,-0.804933521086,-0.690471752014,-0.251270093572,-0.911425381842,0.535614978683,-0.684027393629_0.777251851854,-0.964878697213,0.250965639337,0.259752190852,-0.826248767646,-0.196837995103,-0.899521507854,0.536271881184/-0.706038558256,-0.0952627343522/37.2660714081/
20/-0.890092420587,-0.802008406255,0.0762956149383,-0.278600895974,0.116064116126,-0.430882771362,-0.0421870343145,-0.667269767462_0.966202726346,0.967357135734,0.854000326824,-0.64578170631,-0.0258794151016,-0.412220147912,0.929532657794,-0.761450739468/0.397728471256,0.310700926452/19.4311370343/
17/-0.136141999703,0.253903474656,-0.895381734315,-0.786742032245,-0.397578437962,-1.05773372623,0.546478704955,-0.830335738019_0.25118105779,-0.752768823892,0.808186607379,-0.104506532038,0.125177293634,0.0938116426258,-0.123644135135,-0.445044405284/-0.706038558256,-0.476990413977/511.157752564/
25/-0.943918843734,-0.934591312206,-0.00319639218953,-0.351978209657,-0.0197423376919,-0.430882771362,-0.0747445724315,-0.721096190609_-0.016084356799,-0.0662469055947,0.374387640791,-0.716908290721,0.137530870254,-0.687933565261,-0.199133136196,0.579128410925/0.397728471256,0.374529475237/35.6257197988/
22/-0.794701405295,-0.823817547946,0.0543579287713,-0.372796765778,0.065272308733,-0.358496043249,-0.0929788417078,-0.57187875217_0.170303184281,-0.842407739486,0.747060488083,-0.0237264936774,0.0901621553016,0.0564422367314,-0.184770254431,-0.496951751385/0.397728471256,-0.476990413977/11.655132911/
15/-0.0494004122246,0.282110607926,-0.808640146836,-0.760681746413,-0.321480087971,-0.981635376241,0.531908352933,-0.754237388028_0.202634056121,-0.801315825561,0.75963960571,-0.153053533707,0.0998036606049,0.0452646409567,-0.105091347657,-0.484372633758/-0.706038558256,-0.476990413977/181.606380384/
21/-0.867954526079,-0.934525230026,-0.0186355788609,-0.386157014634,-0.0482072069447,-0.459347640615,-0.131299795675,-0.705590721429_0.703066583463,-0.317345020468,0.320631490588,-0.368652588224,-0.344972373512,-0.127264646101,-0.816115419218,-0.026020160508/0.397728471256,0.0936642165426/11.4399893706/
24/-0.83832582319,-0.370259995688,-0.70099243484,-0.328732844675,-0.624086265123,0.0966367155256,-0.371890662045,-0.730150262111_0.785291654319,-0.142954195581,0.441900895755,-0.337826105437,-0.454347196071,0.0565794136663,-0.762813272389,0.0255454622167/-0.379017283298,0.0936642165426/47.3619161862/
16/-0.146719892924,0.282110607926,-0.808640146836,-0.823410875746,-0.321480087971,-0.981635376241,0.531908352933,-0.816966517361_-0.016084356799,-0.110070596775,0.280355004471,-0.685893103811,0.137530870254,-0.687933565261,-0.240898433139,0.622514481198/-0.706038558256,0.374529475237/48.3584786426/
27/-0.83832582319,-0.370259995688,-0.717356186546,-0.426301317903,-0.640799520889,0.0799234597593,-0.371890662045,-0.719990741881_0.256521508466,-0.784219232514,0.808186607379,-0.104506532038,0.148350662274,0.110732868425,-0.118303684459,-0.435825632089/-0.379017283298,-0.476990413977/945.229284242/
28/-0.700739715744,0.737348697055,0.825988419027,0.222032453866,0.625182962158,0.331682782477,-0.311459004462,0.415585863827_0.661246791742,-0.241965067866,0.233916463563,-0.368652588224,-0.344972373512,-0.0422143274588,-0.902830446243,-0.0678399522291/-0.925962936571,0.0936642165426/17.2574232701/
26/-0.0494004122246,0.282110607926,-0.808640146836,-0.776680419476,-0.321480087971,-0.981635376241,0.531908352933,-0.785952130499_-0.0354750684797,-0.124824665085,0.35499692911,-0.801456818643,0.0529823423325,-0.772482093183,-0.283681664118,0.588454895815/-0.706038558256,0.374529475237/18.0332886931/
generacion
12/-0.14080300115,0.366308386638,-0.724442368124,-0.676483967701,-0.331513842063,-0.991669130333,0.521874598841,-0.76427114212_0.165989790529,-0.893250675496,0.696217552073,-0.0745694296877,0.0393192192913,0.00559930072114,-0.226465635144,-0.547794687395/-0.706038558256,-0.476990413977/10.9869195777/
5/-0.784077139093,0.0610116773225,0.657824042936,-0.509077827971,0.74556290245,-0.609250790198,-0.775988939557,-0.633056071598_0.313005780375,-0.810681197612,0.872591933757,-0.0868820397777,0.159833296312,0.179393078612,-0.0592388087573,-0.374000909504/0.33858428854,-0.476990413977/130.269018698/
3/0.0300986608697,0.29992560378,-0.695149516247,-0.746317315207,-0.411811389974,-0.891493065659,0.712719365528,-0.720437893427_0.25118105779,-0.752768823892,0.808186607379,-0.104506532038,0.148588606633,0.0938116426258,-0.101692589119,-0.445044405284/-0.706038558256,-0.476990413977/521.226470397/
16/0.0300986608697,0.391142196618,-0.820053731534,-0.668392588393,-0.502724047766,-0.902158076987,0.712719365528,-0.731102904755_0.232667593949,-0.881289157908,0.789673143538,-0.201576457432,0.178162190545,0.147379884298,-0.0938326068643,-0.406014103818/-0.706038558256,-0.476990413977/514.892414819/
22/-0.0566329599777,0.347811918387,-0.750537369102,-0.694980435952,-0.263377310237,-0.923532598507,0.590104540597,-0.860389393551_0.281998802573,-0.784219232514,0.808186607379,-0.132380817102,0.148350662274,0.117568356027,-0.123644135135,-0.435825632089/-0.706038558256,-0.476990413977/643.13395861/
25/-0.0494004122246,0.282110607926,-0.808640146836,-0.803307773296,-0.321480087971,-0.981635376241,0.687664142366,-0.853156845798_0.727496028769,-1.0146345203,0.201209816252,0.209996367767,-0.83315791293,-0.246593818188,-0.949277330939,0.486516058099/-0.706038558256,-0.0952627343522/23.7107321683/
19/-0.866780463659,-0.000809955479643,0.610234555765,-0.514761515313,0.807455962145,-0.656840277369,-0.775988939557,-0.633056071598_0.25118105779,-0.784219232514,0.808186607379,-0.104506532038,0.148350662274,0.190183087124,-0.155430697998,-0.435825632089/0.33858428854,-0.476990413977/474.671667394/
28/-0.0494004122246,0.282110607926,-0.808640146836,-0.760681746413,-0.321480087971,-0.89974692033,0.46798036771,-0.754237388028_0.191755281672,-0.68657306571,0.876682300308,-0.104506532038,0.0847158266944,0.117568356027,-0.123644135135,-0.435825632089/-0.706038558256,-0.476990413977/512.436757949/
18/-0.0494004122246,0.345071985604,-0.808640146836,-0.760681746413,-0.376405414841,-0.981635376241,0.531908352933,-0.754237388028_0.205721481297,-0.654090517184,0.762727030886,-0.149966108531,0.247028968982,0.0483520661325,-0.0441577619233,-0.481285208582/-0.706038558256,-0.476990413977/491.165152886/
2/-0.14080300115,0.366308386638,-0.636956444965,-0.676483967701,-0.331513842063,-1.0313532831,0.521874598841,-0.76427114212_0.25118105779,-0.784219232514,0.841097122439,-0.112466616683,0.177004579472,0.117568356027,-0.0949902179373,-0.443785716734/-0.706038558256,-0.476990413977/811.181575069/
21/-0.0494004122246,0.282110607926,-0.869680373942,-0.776680419476,-0.321480087971,-0.981635376241,0.531908352933,-0.759705036288_0.25118105779,-0.752768823892,0.734079951989,-0.104506532038,0.148350662274,0.0938116426258,-0.123644135135,-0.435825632089/-0.706038558256,-0.476990413977/1556.89171427/
17/-0.965340334945,-0.0802972599507,0.641968521094,-0.445068171024,0.811724789234,-0.720042762943,-0.769117590174,-0.682781139724_0.25118105779,-0.784219232514,0.964710744732,-0.0742215910182,0.0847158266944,0.117568356027,-0.123644135135,-0.435825632089/0.33858428854,-0.476990413977/830.478205763/
24/-0.0765739225275,0.254937097623,-0.902317025788,-0.739523218947,-0.315332138373,-1.00880888654,0.438231473981,-0.74808943843_0.261479509989,-0.752768823892,0.808186607379,-0.0942080798392,0.148350662274,0.0420725942501,-0.123644135135,-0.435825632089/-0.706038558256,-0.476990413977/1371.26875328/
27/-0.146719892924,0.282110607926,-0.808640146836,-0.823410875746,-0.321480087971,-0.981635376241,0.531908352933,-0.816966517361_0.252469988376,-0.781053858472,0.876682300308,-0.104506532038,0.0847158266944,0.117568356027,-0.123644135135,-0.435825632089/-0.706038558256,-0.476990413977/1739.18693002/
23/-0.884060295903,0.00098277909136,0.657824042936,-0.429212649182,0.893004828276,-0.648477992239,-0.769117590174,-0.617702506177_0.21822811368,-0.846098647775,0.714856783496,-0.137459476148,0.171746166201,0.0608586985154,-0.216973959018,-0.529155455972/0.33858428854,-0.476990413977/39.6529535728/
1/-0.065129881802,0.282635820939,-0.866649388032,-0.857216732256,-0.468053137973,-1.12820842624,0.476004004944,-0.759323620118_0.25118105779,-0.733670576051,0.763567196423,-0.104506532038,0.198899318737,0.190183087124,-0.155430697998,-0.480445043045/-0.706038558256,-0.476990413977/660.185730269/
4/-0.822903371687,-0.320703465627,-0.651435904779,-0.306483872212,-0.60183729266,0.146193245586,-0.356468210542,-0.640173852295_0.256521508466,-0.784219232514,0.808186607379,-0.104506532038,0.148350662274,0.110732868425,-0.118303684459,-0.435825632089/-0.379017283298,-0.476990413977/2452.6115917/
6/-0.959611260421,-0.871527246089,0.00677677510443,-0.348119735808,0.0465452762921,-0.475488775383,-0.0867930383353,-0.763597951138_0.189884663127,-0.845515627177,0.815385905645,-0.140227027864,0.0234194320309,0.0562719613635,-0.0454208009601,-0.455994914082/0.397728471256,-0.476990413977/47.5880539394/
20/-0.0494004122246,0.282110607926,-0.808640146836,-0.760681746413,-0.321480087971,-0.981635376241,0.625564974804,-0.853156845798_-0.0543417774358,-0.143691374041,0.415094865449,-0.741358882304,0.113080278671,-0.712384156844,-0.223583727779,0.569588186859/-0.706038558256,0.374529475237/158.212236614/
26/0.0917915392467,0.270750436251,-0.963760365479,-0.688130805825,-0.331977927181,-1.1127341688,0.43698340188,-0.885336180593_-0.016084356799,-0.110070596775,0.280355004471,-0.685893103811,0.137530870254,-0.687933565261,-0.240898433139,0.622514481198/-0.706038558256,0.374529475237/169.064861419/
10/-0.752557875395,-0.370259995688,-0.686110426052,-0.426301317903,-0.640799520889,0.0799234597593,-0.371890662045,-0.719990741881_0.25118105779,-0.784219232514,0.907438238035,-0.104506532038,0.148350662274,0.203380228613,-0.056179067342,-0.347234076854/-0.379017283298,-0.476990413977/817.87150432/
7/-0.83832582319,-0.370259995688,-0.764883072105,-0.426301317903,-0.57077435679,0.126468189107,-0.419417547604,-0.673446012533_0.79594581211,-0.13230003779,0.452555053546,-0.327171947646,-0.44369303828,0.0672335714573,-0.69210163349,0.110164759576/-0.379017283298,0.0936642165426/157.840055964/
8/-0.943918843734,-0.934591312206,0.0331142767008,-0.351978209657,0.0670822060632,-0.394572102472,0.023753357874,-0.634271646854_0.323874696078,-0.857874876054,0.879043760747,-0.112716115439,0.0746950187345,0.102523285024,-0.118303684459,-0.44403521549/0.397728471256,-0.476990413977/2177.32698367/
30/-0.0264031817866,0.343621828486,-0.806908347535,-0.758949947112,-0.259968867411,-0.920124155681,0.687076195364,-0.851425046497_0.202634056121,-0.801315825561,0.75963960571,-0.153053533707,0.0998036606049,0.0452646409567,-0.105091347657,-0.484372633758/-0.706038558256,-0.476990413977/47.9039667711/
15/-0.88441853319,-0.72878677496,0.144045699012,-0.462513893673,0.0786130595202,-0.448213171144,-0.182695969603,-0.661595880065_0.386961578754,-0.736725399233,0.82099487013,-0.0122114651717,0.185967690509,0.253348876991,-0.110835872385,-0.300045111125/0.397728471256,-0.476990413977/13.7307990949/
13/0.00496656220284,0.379448634939,-0.631996394987,-0.69352468706,-0.436943488641,-0.916625164326,0.792242396687,-0.745569992094_0.245897273339,-0.856294328489,0.797562372252,-0.115130767165,0.0762755662986,0.0386577724496,-0.128927919586,-0.446449867216/-0.706038558256,-0.476990413977/986.373435881/
11/-0.835307306677,-0.279108532341,-0.695884408297,-0.42328280139,-0.637781004376,0.101395238009,-0.368872145532,-0.716972225368_0.0689551349229,-0.0203755553041,0.29339325852,-0.714029642754,0.140409518221,-0.64206221497,-0.153261785905,0.624999761216/-0.379017283298,0.374529475237/197.600677417/
29/0.0481598155046,0.270750436251,-0.903565097889,-0.715722195044,-0.331977927181,-1.1127341688,0.43698340188,-0.858440149093_0.202634056121,-0.801315825561,0.75963960571,-0.153053533707,0.0998036606049,0.0452646409567,-0.105091347657,-0.484372633758/-0.706038558256,-0.476990413977/632.099360209/
9/-0.00580280358912,0.218263002,-1.00115944072,-0.80363032694,-0.384465361432,-1.2006423007,0.43698340188,-0.937823614844_0.966202726346,0.967357135734,0.854000326824,-0.64578170631,-0.0258794151016,-0.412220147912,0.929532657794,-0.761450739468/-0.706038558256,0.310700926452/86.3326228406/
generacion
26/-0.0424224783102,0.268897453108,-0.736326887434,-0.773894901231,-0.342291775516,-1.00244706379,0.590104540597,-0.846178911883_0.176408070574,-0.845515627177,0.801909313092,-0.23561195053,0.0234194320309,0.0312895257327,-0.0588973935132,-0.455994914082/-0.706038558256,-0.476990413977/12.9471401951/
30/0.00496656220284,0.379448634939,-0.631996394987,-0.69352468706,-0.436943488641,-0.916625164326,0.792242396687,-0.745569992094_0.271635956732,-0.820475727991,0.871181742558,-0.0840516330962,0.168805561216,0.167123733136,-0.0924355628188,-0.347234076854/-0.706038558256,-0.476990413977/171.598336052/
6/-0.0494004122246,0.282110607926,-0.808640146836,-0.760681746413,-0.321480087971,-0.89974692033,0.563000306242,-0.710688098373_0.267463360855,-0.718621724766,0.762727030886,-0.0605318066073,0.247028968982,-0.0161791414492,-0.0441577619233,-0.419543329024/-0.706038558256,-0.476990413977/514.825593509/
22/-0.91157504279,-0.0514254837206,0.670840297324,-0.416196394794,0.833476751223,-0.698290800954,-0.715352298019,-0.661029177735_0.3712336799,-0.857874876054,0.879043760747,-0.112716115439,0.0634947837939,0.102523285024,-0.118303684459,-0.44403521549/0.33858428854,-0.476990413977/342.935053953/
12/-0.0494004122246,0.282110607926,-0.869680373942,-0.776680419476,-0.321480087971,-0.981635376241,0.531908352933,-0.759705036288_0.323874696078,-0.857874876054,0.92884673886,-0.112716115439,0.0746950187345,0.0645059382847,-0.118303684459,-0.44403521549/-0.706038558256,-0.476990413977/1293.74865218/
20/-0.0765739225275,0.254937097623,-0.979950920405,-0.739523218947,-0.315332138373,-1.00880888654,0.385698566869,-0.74808943843_0.25118105779,-0.784219232514,0.964710744732,-0.0742215910182,0.0847158266944,0.182547751538,-0.109615183763,-0.435825632089/-0.706038558256,-0.476990413977/541.802528389/
24/-0.0765739225275,0.254937097623,-0.902317025788,-0.739523218947,-0.315332138373,-1.00880888654,0.438231473981,-0.74808943843_0.252469988376,-0.781053858472,0.876682300308,-0.104506532038,0.0847158266944,0.117568356027,-0.123644135135,-0.435825632089/-0.706038558256,-0.476990413977/1497.82589492/
25/-0.103026639212,0.276319463089,-0.815577312995,-0.830348041905,-0.277786834259,-0.987426521078,0.526117208096,-0.816966517361_0.261479509989,-0.752768823892,0.808186607379,-0.0942080798392,0.148350662274,0.0420725942501,-0.123644135135,-0.435825632089/-0.706038558256,-0.476990413977/1287.30262656/
16/-0.0494004122246,0.208961778891,-0.869680373942,-0.842721185698,-0.397603904358,-1.04767614246,0.455784536546,-0.759705036288_0.247134835208,-0.784219232514,0.907438238035,-0.104506532038,0.232591811939,0.203380228613,-0.056179067342,-0.347234076854/-0.706038558256,-0.476990413977/108.834979655/
21/-0.940874787415,0.0188189551713,0.741084736216,-0.420602623494,0.910841004356,-0.695577215413,-0.744652042644,-0.658315592194_0.20553844876,-0.808709885121,0.769366682798,-0.0942080798392,0.129186560379,0.0229084923556,-0.123644135135,-0.47464555667/0.33858428854,-0.476990413977/36.9685430157/
4/-0.0997081305934,0.254937097623,-0.952952524916,-0.718880025825,-0.294688945251,-1.05944438567,0.387595974853,-0.798724937558_0.206613944372,-0.784219232514,0.907438238035,-0.104506532038,0.180046998895,0.158813115195,-0.056179067342,-0.347234076854/-0.706038558256,-0.476990413977/918.61866182/
5/-0.065129881802,0.282635820939,-0.866649388032,-0.857216732256,-0.468053137973,-1.12820842624,0.476004004944,-0.759323620118_0.323874696078,-0.857874876054,0.879043760747,-0.112716115439,0.0746950187345,0.102523285024,-0.118303684459,-0.44403521549/-0.706038558256,-0.476990413977/1531.58386681/
1/-0.733730161574,-0.320703465627,-0.651435904779,-0.208378609,-0.60183729266,0.146193245586,-0.356468210542,-0.640173852295_0.261479509989,-0.752768823892,0.808186607379,-0.0942080798392,0.148350662274,0.0420725942501,-0.123644135135,-0.435825632089/-0.379017283298,-0.476990413977/1813.98744222/
8/-0.83832582319,-0.404848266832,-0.764883072105,-0.426301317903,-0.495867050493,0.126468189107,-0.419417547604,-0.673446012533_0.256521508466,-0.784219232514,0.808186607379,-0.104506532038,0.148350662274,0.147941169208,-0.118303684459,-0.535276444689/-0.379017283298,-0.476990413977/2013.29185842/
19/-0.752557875395,-0.370259995688,-0.686110426052,-0.327617733297,-0.640799520889,-0.0152340716957,-0.371890662045,-0.719990741881_0.25118105779,-0.752768823892,0.751825586301,-0.104506532038,0.148350662274,0.0938116426258,-0.119601228249,-0.435825632089/-0.379017283298,-0.476990413977/4673.24092432/
2/-0.943918843734,-0.934591312206,0.0331142767008,-0.351978209657,0.0670822060632,-0.394572102472,0.023753357874,-0.574446695_0.25118105779,-0.733670576051,0.763567196423,-0.104506532038,0.198899318737,0.190183087124,-0.124940150766,-0.499230958216/0.397728471256,-0.476990413977/978.168687166/
28/-0.859653788311,-0.273731853533,-0.846548058693,-0.447629283024,-0.592102321911,0.0448032025194,-0.419417547604,-0.590159157355_0.221586497908,-0.816755087276,0.768293595298,-0.134101091921,0.0951852699817,-0.0110927980422,-0.163537147216,-0.47571864417/-0.379017283298,-0.476990413977/39.7705210553/
3/-0.0765739225275,0.234423257406,-0.884470614964,-0.721676808123,-0.33584597859,-1.00880888654,0.438231473981,-0.74808943843_0.207840582726,-0.832900158254,0.759505681639,-0.153187457778,0.0828721009619,0.130775158356,-0.136484188847,-0.454006136477/-0.706038558256,-0.476990413977/102.072738574/
14/-0.943918843734,-0.934591312206,0.0331142767008,-0.351978209657,0.0670822060632,-0.394572102472,0.023753357874,-0.634271646854_0.261479509989,-0.752768823892,0.808186607379,-0.0942080798392,0.148350662274,0.0420725942501,-0.123644135135,-0.435825632089/0.397728471256,-0.476990413977/3144.13588476/
9/-0.0494004122246,0.344190846487,-0.808640146836,-0.760681746413,-0.388423852137,-0.981635376241,0.531908352933,-0.754237388028_0.191755281672,-0.666705024525,0.876682300308,-0.104506532038,0.0847158266944,0.0279030461519,-0.123644135135,-0.435825632089/-0.706038558256,-0.476990413977/1532.09770971/
15/-0.943918843734,-0.934591312206,0.0799993707818,-0.351978209657,0.0670822060632,-0.394572102472,0.023753357874,-0.634271646854_0.313807225644,-0.690142656038,0.796706119843,-0.0418803641845,0.210976830128,0.0674642038984,-0.149991573862,-0.373199464235/0.397728471256,-0.476990413977/170.568091725/
29/-0.0765739225275,0.254937097623,-0.902317025788,-0.739523218947,-0.315332138373,-1.00880888654,0.438231473981,-0.74808943843_0.79594581211,-0.13230003779,0.452555053546,-0.327171947646,-0.44369303828,0.0672335714573,-0.69210163349,0.110164759576/-0.706038558256,0.0936642165426/121.892411678/
27/-0.959611260421,-0.871527246089,0.00677677510443,-0.407071328357,0.0465452762921,-0.475488775383,-0.063019118815,-0.763597951138_0.281998802573,-0.812414873406,0.756166427965,-0.184400996516,0.148350662274,0.117568356027,-0.123644135135,-0.435825632089/0.397728471256,-0.476990413977/11176.251426/
23/-0.873659564531,-0.907266088904,0.0680422698004,-0.324652986355,0.102010199163,-0.464936146824,0.0940126370773,-0.599343653754_0.276167434567,-0.759232855737,0.976771234389,-0.0621611013609,0.109702203471,0.142554732804,-0.203895184767,-0.410839255312/0.397728471256,-0.476990413977/838.172399865/
10/-0.83832582319,-0.370259995688,-0.764883072105,-0.426301317903,-0.51446222183,0.126468189107,-0.419417547604,-0.673446012533_0.256521508466,-0.846490485932,0.808186607379,-0.104506532038,0.148350662274,0.110732868425,-0.118303684459,-0.435825632089/-0.379017283298,-0.476990413977/15628.7671739/
18/-0.752557875395,-0.277442138163,-0.593292568527,-0.426301317903,-0.640799520889,0.154592700421,-0.371890662045,-0.645321501219_0.264904119622,-0.856294328489,0.88045545769,-0.115130767165,0.0952824125821,0.0386577724496,-0.111038895692,-0.446449867216/-0.379017283298,-0.476990413977/636.046429882/
11/-0.822903371687,-0.320703465627,-0.651435904779,-0.306483872212,-0.60183729266,0.146193245586,-0.356468210542,-0.640173852295_0.79594581211,-0.079166139195,0.452555053546,-0.327171947646,-0.44369303828,0.0341796078249,-0.69210163349,0.110164759576/-0.379017283298,0.0936642165426/134.934512994/
7/-0.752557875395,-0.370259995688,-0.686110426052,-0.426301317903,-0.640799520889,0.0799234597593,-0.371890662045,-0.719990741881_0.261479509989,-0.752768823892,0.808186607379,-0.131234653759,0.148350662274,0.0420725942501,-0.123644135135,-0.519237084403/-0.379017283298,-0.476990413977/1013.5467896/
17/-0.174685582316,0.334105338669,-0.902317025788,-0.739523218947,-0.386756594514,-1.04631062849,0.400729732028,-0.785591180383_0.323874696078,-0.788522986562,0.842659024157,-0.199804803332,0.0383102821441,0.0154345971314,-0.118303684459,-0.374683325998/-0.706038558256,-0.476990413977/2758.56497775/
