inicio
1/-0.483517030495,0.0708967166515,-0.215793778307,0.470030401153,0.990343279666,-0.726686921713,-0.132459743947,0.616490426012_-0.854603636056,-0.863282607559,-0.746927142391,-0.64290120923,-0.389591141921,0.171066416187,0.457486663775,0.149344936043/0.0777145868626,-0.313929183339/0/
2/0.14534382983,-0.18382157603,-0.74967175366,0.979649390771,0.0170994246643,0.475170976107,0.0891420468927,-0.642691115994_-0.840044888278,-0.903908405597,0.899557052407,0.413247745764,0.516163198467,0.356908661606,-0.600716193521,0.540522886084/0.406769326828,-0.0499003022018/0/
3/0.141888521729,0.119481433373,-0.586701324681,0.804957283789,0.515979963562,-0.46163380729,0.129565034047,-0.713284065471_0.17176720158,-0.248331968071,-0.915200020689,-0.209854336714,0.326709904293,0.959327601947,-0.12266084471,0.88857972244/0.919635536275,-0.211414748772/0/
4/-0.915290824695,-0.960151547586,0.800216770565,0.414484624417,0.205429274154,-0.986928224563,-0.508793400587,0.679513719346_0.101214562959,-0.10802780029,0.532389456481,-0.357083835007,0.206972660007,0.822981321807,-0.689327325004,0.628634280371/0.99147541629,-0.476250928352/0/
5/0.596368064716,0.604836682663,-0.161850233278,-0.392238989429,-0.637163855555,0.443945644549,0.400083110667,0.211768176392_0.759063468365,-0.181236840812,-0.624909541724,-0.909764002181,-0.333481720015,0.986129271295,0.732247305574,-0.213674983867/-0.765565904409,0.955389133015/0/
6/-0.866198009925,-0.136065283075,-0.33351911895,0.421423806428,-0.547407853977,-0.535036086104,0.447324654814,-0.202787431702_-0.338800916818,0.972900610644,-0.764508979734,-0.382162105548,0.219377955737,0.0527273974222,-0.187786317324,0.648441308222/0.595574664137,0.369660621906/0/
7/-0.454225683896,0.703667441438,-0.714108782997,0.22188070585,0.485646881296,-0.465363716453,0.12160569232,0.677666838043_-0.434703987902,-0.589900735441,0.821928621098,0.312387890565,-0.919426145792,0.00294057612407,0.161967343151,-0.506420116238/0.807456259105,-0.370106636976/0/
8/0.0722258993278,0.501103064856,-0.557511899713,0.421872444068,-0.684455340169,0.127540527049,-0.0350054684646,-0.625944469397_-0.0785868349838,0.636704825474,0.333936272819,0.709262012163,0.0274872147788,0.000586496299194,-0.350826211795,0.570013568805/-0.342889780893,-0.510781552016/0/
generacion
5/0.596368064716,0.604836682663,-0.161850233278,-0.392238989429,-0.637163855555,0.443945644549,0.400083110667,0.211768176392_0.759063468365,-0.181236840812,-0.624909541724,-0.909764002181,-0.333481720015,0.986129271295,0.732247305574,-0.213674983867/-0.765565904409,0.955389133015/13.8475455527/
7/-0.454225683896,0.703667441438,-0.714108782997,0.22188070585,0.485646881296,-0.465363716453,0.12160569232,0.677666838043_-0.434703987902,-0.589900735441,0.821928621098,0.312387890565,-0.919426145792,0.00294057612407,0.161967343151,-0.506420116238/0.807456259105,-0.370106636976/9.84140187446/
2/0.14534382983,-0.18382157603,-0.74967175366,0.979649390771,0.0170994246643,0.475170976107,0.0891420468927,-0.642691115994_-0.840044888278,-0.903908405597,0.899557052407,0.413247745764,0.516163198467,0.356908661606,-0.600716193521,0.540522886084/0.406769326828,-0.0499003022018/14.2664729596/
8/0.0722258993278,0.501103064856,-0.557511899713,0.421872444068,-0.684455340169,0.127540527049,-0.0350054684646,-0.625944469397_-0.0785868349838,0.636704825474,0.333936272819,0.709262012163,0.0274872147788,0.000586496299194,-0.350826211795,0.570013568805/-0.342889780893,-0.510781552016/11.8124815561/
3/0.141888521729,0.119481433373,-0.586701324681,0.804957283789,0.515979963562,-0.46163380729,0.129565034047,-0.713284065471_0.17176720158,-0.248331968071,-0.915200020689,-0.209854336714,0.326709904293,0.959327601947,-0.12266084471,0.88857972244/0.919635536275,-0.211414748772/12.8959167757/
4/-0.915290824695,-0.960151547586,0.800216770565,0.414484624417,0.205429274154,-0.986928224563,-0.508793400587,0.679513719346_0.101214562959,-0.10802780029,0.532389456481,-0.357083835007,0.206972660007,0.822981321807,-0.689327325004,0.628634280371/0.99147541629,-0.476250928352/10.4677932244/
1/-0.483517030495,0.0708967166515,-0.215793778307,0.470030401153,0.990343279666,-0.726686921713,-0.132459743947,0.616490426012_-0.854603636056,-0.863282607559,-0.746927142391,-0.64290120923,-0.389591141921,0.171066416187,0.457486663775,0.149344936043/0.0777145868626,-0.313929183339/0/
6/-0.866198009925,-0.136065283075,-0.33351911895,0.421423806428,-0.547407853977,-0.535036086104,0.447324654814,-0.202787431702_-0.338800916818,0.972900610644,-0.764508979734,-0.382162105548,0.219377955737,0.0527273974222,-0.187786317324,0.648441308222/0.595574664137,0.369660621906/11.3185246275/
generacion
2/0.14534382983,-0.18382157603,-0.74967175366,0.979649390771,0.0170994246643,0.475170976107,0.0891420468927,-0.642691115994_-0.840044888278,-0.903908405597,0.899557052407,0.413247745764,0.516163198467,0.356908661606,-0.600716193521,0.540522886084/0.406769326828,-0.0499003022018/14.3721891227/
5/0.596368064716,0.604836682663,-0.161850233278,-0.392238989429,-0.637163855555,0.443945644549,0.400083110667,0.211768176392_0.759063468365,-0.181236840812,-0.624909541724,-0.909764002181,-0.333481720015,0.986129271295,0.732247305574,-0.213674983867/-0.765565904409,0.955389133015/13.612709612/
7/-0.454225683896,0.703667441438,-0.714108782997,0.22188070585,0.485646881296,-0.465363716453,0.12160569232,0.677666838043_-0.434703987902,-0.589900735441,0.821928621098,0.312387890565,-0.919426145792,0.00294057612407,0.161967343151,-0.506420116238/0.807456259105,-0.370106636976/9.9053967249/
3/0.141888521729,0.119481433373,-0.586701324681,0.804957283789,0.515979963562,-0.46163380729,0.129565034047,-0.713284065471_0.17176720158,-0.248331968071,-0.915200020689,-0.209854336714,0.326709904293,0.959327601947,-0.12266084471,0.88857972244/0.919635536275,-0.211414748772/12.8945233624/
8/0.0722258993278,0.501103064856,-0.557511899713,0.421872444068,-0.684455340169,0.127540527049,-0.0350054684646,-0.625944469397_-0.0785868349838,0.636704825474,0.333936272819,0.709262012163,0.0274872147788,0.000586496299194,-0.350826211795,0.570013568805/-0.342889780893,-0.510781552016/11.7608145197/
4/-0.915290824695,-0.960151547586,0.800216770565,0.414484624417,0.205429274154,-0.986928224563,-0.508793400587,0.679513719346_0.101214562959,-0.10802780029,0.532389456481,-0.357083835007,0.206972660007,0.822981321807,-0.689327325004,0.628634280371/0.99147541629,-0.476250928352/10.6216282349/
6/-0.866198009925,-0.136065283075,-0.33351911895,0.421423806428,-0.547407853977,-0.535036086104,0.447324654814,-0.202787431702_-0.338800916818,0.972900610644,-0.764508979734,-0.382162105548,0.219377955737,0.0527273974222,-0.187786317324,0.648441308222/0.595574664137,0.369660621906/11.4654272392/
generacion
8/0.0722258993278,0.501103064856,-0.557511899713,0.421872444068,-0.684455340169,0.127540527049,-0.0350054684646,-0.625944469397_-0.0785868349838,0.636704825474,0.333936272819,0.709262012163,0.0274872147788,0.000586496299194,-0.350826211795,0.570013568805/-0.342889780893,-0.510781552016/11.8582741216/
3/0.14534382983,-0.18382157603,-0.74967175366,0.979649390771,0.0170994246643,0.475170976107,0.0891420468927,-0.642691115994_0.0800276345322,-0.136847605591,0.619634105297,-0.378270763434,0.206972660007,0.910225970623,-0.689327325004,0.59981447507/0.406769326828,-0.476250928352/13.9168839949/
7/0.0704723460701,-0.18382157603,-0.74967175366,0.979649390771,0.0170994246643,0.534742854337,0.0891420468927,-0.642691115994_-0.244617257165,0.972900610644,-0.764508979734,-0.382162105548,0.214601732238,0.114044058432,-0.126469656314,0.648441308222/0.406769326828,0.369660621906/18.0538142749/
4/0.14534382983,-0.18382157603,-0.74967175366,0.979649390771,0.0170994246643,0.475170976107,0.0891420468927,-0.642691115994_0.151702154603,-0.197742412829,0.582877048125,-0.306596243363,0.257460251651,0.733266709268,-0.648850947209,0.538919667832/0.406769326828,-0.476250928352/14.0461457721/
2/-0.915290824695,-0.960151547586,0.800216770565,0.414484624417,0.205429274154,-0.986584936481,-0.508793400587,0.589430955334_-0.840044888278,-0.903908405597,0.899557052407,0.413247745764,0.516163198467,0.302785574346,-0.600716193521,0.564618563131/0.99147541629,-0.0499003022018/11.8701826424/
5/-0.92527665539,-0.941776285887,0.745825838446,0.432859886116,0.223804535853,-0.986928224563,-0.523376142319,0.625122787227_-0.760054120292,-0.903908405597,0.947847589936,0.413247745764,0.516163198467,0.356908661606,-0.600716193521,0.540522886084/0.99147541629,-0.0499003022018/13.9291982271/
6/-0.899600405159,-0.136852153573,-0.291134548729,0.463808376649,-0.547407853977,-0.568438481338,0.447324654814,-0.202787431702_-0.840044888278,-0.97118240152,0.932012573461,0.413247745764,0.548618719521,0.368773951569,-0.667990189444,0.473248890161/0.595574664137,-0.0499003022018/8.29617709088/
generacion
2/0.0722258993278,0.501103064856,-0.557511899713,0.421872444068,-0.684455340169,0.169498112345,-0.0146501143856,-0.625944469397_-0.834394783379,-0.903908405597,0.899557052407,0.434491645717,0.455073505076,0.241695880955,-0.595066088622,0.585862463084/-0.342889780893,-0.0499003022018/9.79499264195/
8/0.0722258993278,0.501103064856,-0.557511899713,0.421872444068,-0.684455340169,0.127540527049,-0.0350054684646,-0.625944469397_-0.0785868349838,0.636704825474,0.333936272819,0.709262012163,0.0274872147788,0.000586496299194,-0.350826211795,0.570013568805/-0.342889780893,-0.510781552016/11.6661586057/
6/-0.0254084727673,0.529242800233,-0.5068988106,0.324238071973,-0.76581082938,0.0299061549539,0.0156076206487,-0.723578841492_-0.231817542039,0.98570032577,-0.742545812177,-0.382162105548,0.309879862125,0.136007225989,-0.126469656314,0.648441308222/-0.342889780893,0.369660621906/10.6757702932/
4/0.22987016902,-0.18382157603,-0.74967175366,1.06417572996,-0.0180358081131,0.559697315297,0.0540068141153,-0.677826348771_-0.760054120292,-0.885579858297,0.947847589936,0.413247745764,0.612863132039,0.356908661606,-0.600716193521,0.540522886084/0.406769326828,-0.0499003022018/15.8461366428/
7/0.0704723460701,-0.18382157603,-0.74967175366,0.979649390771,0.0170994246643,0.534742854337,0.0891420468927,-0.642691115994_-0.0785868349838,0.636704825474,0.333936272819,0.795002310714,-0.0102281701557,0.000586496299194,-0.350826211795,0.570013568805/0.406769326828,-0.510781552016/15.8254353053/
3/-0.974219752755,-0.960151547586,0.800216770565,0.443925055605,0.205429274154,-0.957144505293,-0.462828581061,0.589430955334_-0.0785868349838,0.636704825474,0.333936272819,0.709262012163,0.0274872147788,0.000586496299194,-0.429076136728,0.646781893492/0.99147541629,-0.510781552016/9.02085956729/
5/-0.828381794335,-0.860168473015,0.842720699501,0.35057801582,0.141522665557,-0.890033363508,-0.605658012615,0.574517761566_0.133839902316,-0.215604665116,0.51649460011,-0.254746689823,0.257460251651,0.785116262808,-0.648850947209,0.472537219817/0.99147541629,-0.476250928352/11.2739023918/
generacion
1/-0.483517030495,0.0708967166515,-0.215793778307,0.470030401153,0.990343279666,-0.726686921713,-0.132459743947,0.616490426012_-0.854603636056,-0.863282607559,-0.746927142391,-0.64290120923,-0.389591141921,0.171066416187,0.457486663775,0.149344936043/0.0777145868626,-0.313929183339/3.91251572939/
7/0.0704723460701,-0.18382157603,-0.74967175366,0.979649390771,0.0170994246643,0.534742854337,0.0891420468927,-0.642691115994_-0.0785868349838,0.615391459756,0.312622907101,0.681621540869,-0.0374615179431,0.000586496299194,-0.350826211795,0.542373097511/0.406769326828,-0.510781552016/16.6244160427/
6/0.0722258993278,0.501103064856,-0.557511899713,0.421872444068,-0.763313264243,0.219366449904,-0.0350054684646,-0.625944469397_-0.0785868349838,0.636704825474,0.333936272819,0.795002310714,-0.0102281701557,0.000586496299194,-0.350826211795,0.570013568805/-0.342889780893,-0.510781552016/11.9219223148/
4/-0.0254084727673,0.611661137056,-0.5068988106,0.324238071973,-0.76581082938,0.0299061549539,0.0156076206487,-0.723578841492_-0.0785868349838,0.636704825474,0.333936272819,0.709262012163,0.0274872147788,0.000586496299194,-0.350826211795,0.570013568805/-0.342889780893,-0.510781552016/10.5400595402/
8/0.0722258993278,0.501103064856,-0.557511899713,0.421872444068,-0.684455340169,0.127540527049,-0.0350054684646,-0.625944469397_-0.0785868349838,0.636704825474,0.333936272819,0.709262012163,0.0274872147788,0.000586496299194,-0.350826211795,0.570013568805/-0.342889780893,-0.510781552016/11.5372407277/
2/0.22987016902,-0.18382157603,-0.74967175366,1.06417572996,-0.0180358081131,0.559697315297,0.0540068141153,-0.677826348771_-0.174353222916,0.694717037764,0.238169884887,0.699235922782,0.0477840421343,0.0585987085892,-0.446592599727,0.587141559169/0.406769326828,-0.510781552016/17.5476659208/
5/0.0722258993278,0.501103064856,-0.557511899713,0.421872444068,-0.684455340169,0.127540527049,-0.0350054684646,-0.625944469397_-0.309195450736,0.98570032577,-0.742545812177,-0.382162105548,0.309879862125,0.136007225989,-0.126469656314,0.703961801337/-0.342889780893,0.369660621906/13.821866081/
3/0.0704723460701,-0.18382157603,-0.74967175366,0.979649390771,0.0170994246643,0.534742854337,0.0891420468927,-0.642691115994_-0.760054120292,-0.974391545176,0.94180687426,0.413247745764,0.612863132039,0.356908661606,-0.600716193521,0.540522886084/0.406769326828,-0.0499003022018/14.984450791/
generacion
1/0.162736413407,-0.242665062005,-0.847457726567,0.997041974347,-0.0851695637259,0.586637820556,-0.0437791587914,-0.744960104384_-0.854603636056,-0.863282607559,-0.746927142391,-0.64290120923,-0.389591141921,0.171066416187,0.457486663775,0.149344936043/0.406769326828,-0.313929183339/10.3347024256/
6/0.286995877259,-0.126695867791,-0.685966984035,1.1213014382,0.0390899001258,0.475882433046,-0.0197898492543,-0.751623012141_0.00561471799606,0.720906378454,0.387265613971,0.793463565143,0.0085384452836,0.0539158374512,-0.297496870643,0.623342909957/0.406769326828,-0.510781552016/14.9650588148/
5/0.22987016902,-0.18382157603,-0.74967175366,1.06417572996,-0.0180358081131,0.559697315297,0.0540068141153,-0.677826348771_-0.309195450736,0.98570032577,-0.742545812177,-0.382162105548,0.309879862125,0.136007225989,-0.126469656314,0.703961801337/0.406769326828,0.369660621906/18.3025020854/
4/-0.0187188129918,-0.273012735092,-0.727164486724,1.00215665771,0.0396066916,0.445551695275,-4.91121692343e-05,-0.731882275056_-0.173358855678,0.636704825474,0.333936272819,0.826622172228,-0.0102281701557,0.000586496299194,-0.350826211795,0.570013568805/0.406769326828,-0.510781552016/16.6428443934/
2/0.0722258993278,0.501103064856,-0.557511899713,0.421872444068,-0.684455340169,0.127540527049,-0.0350054684646,-0.625944469397_-0.174353222916,0.649485429044,0.238169884887,0.699235922782,0.0477840421343,0.0585987085892,-0.428716113084,0.587141559169/-0.342889780893,-0.510781552016/13.3874940115/
3/-0.483517030495,0.0708967166515,-0.215793778307,0.470030401153,0.990343279666,-0.726686921713,-0.132459743947,0.616490426012_-0.130088922073,0.694717037764,0.238169884887,0.641194669512,0.0477840421343,0.0585987085892,-0.446592599727,0.587141559169/0.0777145868626,-0.510781552016/10.6402460318/
8/0.0722258993278,0.501103064856,-0.557511899713,0.421872444068,-0.684455340169,0.127540527049,-0.0350054684646,-0.625944469397_-0.174353222916,0.694717037764,0.238169884887,0.699235922782,0.0477840421343,0.0585987085892,-0.446592599727,0.587141559169/-0.342889780893,-0.510781552016/13.0634848401/
7/0.00571673964769,0.434593905176,-0.624021059393,0.355363284388,-0.848663287949,0.134016426198,-0.0197879536417,-0.692453629077_-0.714050348206,-0.92838777309,0.94180687426,0.45925151785,0.579810417991,0.402912433692,-0.633768907569,0.507470172036/-0.342889780893,-0.0499003022018/10.7597277341/
generacion
4/0.162736413407,-0.242665062005,-0.847457726567,0.997041974347,-0.0851695637259,0.586637820556,-0.0437791587914,-0.744960104384_-0.714050348206,-0.92838777309,0.94180687426,0.45925151785,0.579810417991,0.402912433692,-0.633768907569,0.507470172036/0.406769326828,-0.0499003022018/15.8064351017/
3/-0.0827976590984,-0.337091581199,-0.791243332831,0.938077811603,-0.0244721545066,0.381472849168,-0.0641279582758,-0.795961121163_-0.309195450736,0.98570032577,-0.742545812177,-0.436871082499,0.309879862125,0.136007225989,-0.126469656314,0.6145713553/0.406769326828,0.369660621906/16.1101236211/
6/0.286995877259,-0.126695867791,-0.685966984035,1.1213014382,0.0390899001258,0.475882433046,-0.0197898492543,-0.751623012141_-0.189349760635,0.642589346184,0.223173347168,0.633460165586,0.0327875044153,0.0825640626744,-0.443712650803,0.57214502145/0.406769326828,-0.510781552016/18.9851667382/
5/0.0722258993278,0.501103064856,-0.557511899713,0.421872444068,-0.684455340169,0.0738277426058,-0.10573495479,-0.625944469397_-0.854603636056,-0.863282607559,-0.746927142391,-0.64290120923,-0.389591141921,0.171066416187,0.457486663775,0.149344936043/-0.342889780893,-0.313929183339/8.53077680053/
8/0.0722258993278,0.501103064856,-0.557511899713,0.421872444068,-0.684455340169,0.127540527049,-0.0350054684646,-0.625944469397_0.00561471799606,0.720906378454,0.387265613971,0.793463565143,0.0085384452836,0.0539158374512,-0.297496870643,0.623342909957/-0.342889780893,-0.510781552016/10.1233146272/
2/0.162736413407,-0.242665062005,-0.847457726567,0.997041974347,-0.0851695637259,0.586637820556,-0.0437791587914,-0.744960104384_-0.174353222916,0.751927409817,0.312945268303,0.742225919933,0.0477840421343,0.0585987085892,-0.389382227674,0.587141559169/0.406769326828,-0.510781552016/15.7409503785/
7/0.00571673964769,0.434593905176,-0.624021059393,0.355363284388,-0.848663287949,0.0776583004021,-0.0197879536417,-0.709490072231_-0.843857053226,-0.819907517577,-0.746927142391,-0.6321546264,-0.461643974198,0.0990135839103,0.500861753757,0.149344936043/-0.342889780893,-0.313929183339/7.07978394738/
generacion
6/0.0722258993278,0.542163844131,-0.557511899713,0.421872444068,-0.684455340169,0.127540527049,-0.0350054684646,-0.679733022178_-0.309195450736,0.98570032577,-0.742545812177,-0.436871082499,0.309879862125,0.136007225989,-0.126469656314,0.6145713553/-0.342889780893,0.369660621906/14.7125750689/
2/0.176512274939,-0.235469717319,-0.847457726567,1.01081783588,-0.100394332118,0.586637820556,-0.0437791587914,-0.760184872776_0.00561471799606,0.720906378454,0.387265613971,0.793463565143,0.0085384452836,0.0539158374512,-0.297496870643,0.623342909957/0.406769326828,-0.510781552016/14.251031706/
4/0.162736413407,-0.242665062005,-0.847457726567,0.997041974347,-0.0851695637259,0.586637820556,-0.0437791587914,-0.744960104384_-0.815283490133,-0.863282607559,-0.746927142391,-0.638234491579,-0.389591141921,0.171066416187,0.457486663775,0.149344936043/0.406769326828,-0.313929183339/13.0795444279/
8/-0.0827976590984,-0.337091581199,-0.791243332831,0.946681930006,-0.0158680361036,0.444508872547,-0.0010919348967,-0.795961121163_0.00561471799606,0.720906378454,0.387265613971,0.793463565143,0.0085384452836,0.0539158374512,-0.297496870643,0.623342909957/0.406769326828,-0.510781552016/12.0315715188/
3/0.162736413407,-0.242665062005,-0.847457726567,0.997041974347,-0.0995120363922,0.586637820556,-0.00563512372199,-0.744960104384_-0.271576328152,0.60741534383,0.140946779651,0.551233598069,-0.0023864979391,0.000337495157094,-0.438392292617,0.536971019096/0.406769326828,-0.510781552016/31.0862382311/
5/0.0998384596106,0.558722258186,-0.557511899713,0.410871533595,-0.626836146839,0.127540527049,-0.00739290818181,-0.625944469397_-0.174353222916,0.751927409817,0.312945268303,0.742225919933,0.0477840421343,0.0585987085892,-0.389382227674,0.587141559169/-0.342889780893,-0.510781552016/12.1874445265/
7/0.027354565872,0.4562317314,-0.487435937403,0.43932598191,-0.729326673625,0.0738277426058,-0.177938496124,-0.555868507087_-0.714050348206,-0.92838777309,0.94180687426,0.45925151785,0.579810417991,0.402912433692,-0.633768907569,0.507470172036/-0.342889780893,-0.0499003022018/11.0015047412/
generacion
7/-0.0827976590984,-0.269194747221,-0.791243332831,0.907382100134,-0.0158680361036,0.444508872547,-0.0010919348967,-0.795961121163_-0.815283490133,-0.845799409364,-0.746927142391,-0.638234491579,-0.389591141921,0.171066416187,0.457486663775,0.0856284894488/0.406769326828,-0.313929183339/11.2099768207/
2/0.162736413407,-0.242665062005,-0.792193046445,0.903456234883,-0.117975094208,0.586637820556,-0.0992208631856,-0.744960104384_-0.854603636056,-0.863282607559,-0.748678009907,-0.59114003693,-0.389591141921,0.169315548671,0.556221504294,0.248079776562/0.406769326828,-0.313929183339/12.9012844936/
5/0.197039828922,-0.233058923051,-0.847457726567,1.03134538986,-0.00341512991399,0.586637820556,0.0379752750205,-0.744960104384_-0.271576328152,0.60741534383,0.140946779651,0.551233598069,-0.0023864979391,0.000337495157094,-0.438392292617,0.536971019096/0.406769326828,-0.510781552016/33.1279518739/
4/0.105267317249,-0.149932244565,-0.908656354988,0.939572878189,-0.0851695637259,0.586637820556,-0.104977787213,-0.652227286944_0.058079948117,0.773371608575,0.45399366655,0.860191617722,0.0610036754046,0.118710025801,-0.245031640522,0.675808140078/0.406769326828,-0.510781552016/13.3552839553/
3/0.0722258993278,0.542163844131,-0.557511899713,0.421872444068,-0.588641640259,0.127540527049,-0.0350054684646,-0.679733022178_-0.293173021557,0.627559838079,0.119350086246,0.529636904664,-0.0977586069499,0.0204819894063,-0.418247798368,0.557115513345/-0.342889780893,-0.510781552016/31.665578807/
8/0.148836369713,0.542163844131,-0.557511899713,0.421872444068,-0.660693881769,0.127540527049,-0.0350054684646,-0.679733022178_-0.271576328152,0.60741534383,0.23729303838,0.551233598069,-0.0023864979391,0.000337495157094,-0.438392292617,0.464734216071/-0.342889780893,-0.510781552016/26.6523882633/
6/0.162736413407,-0.242665062005,-0.847457726567,0.997041974347,-0.0806394969856,0.553650300357,-0.00563512372199,-0.744960104384_-0.40524112706,1.02629285775,-0.742545812177,-0.436871082499,0.309879862125,0.136007225989,-0.126469656314,0.6145713553/0.406769326828,0.369660621906/25.3896783701/
generacion
1/0.162736413407,-0.242665062005,-0.847457726567,0.997041974347,-0.0806394969856,0.553650300357,-0.00563512372199,-0.744960104384_-0.746659447023,-0.777175366254,-0.717371352557,-0.624518565414,-0.375875215756,0.171066416187,0.457486663775,0.115184279282/0.406769326828,-0.313929183339/10.4736892393/
4/0.0742604296403,0.544198374443,-0.555477369401,0.42390697438,-0.586607109947,0.129575057361,-0.0329709381521,-0.677698491866_-0.815283490133,-0.845799409364,-0.746927142391,-0.638234491579,-0.389591141921,0.171066416187,0.457486663775,0.0856284894488/-0.342889780893,-0.313929183339/9.16699470411/
2/0.0722258993278,0.542163844131,-0.557511899713,0.421872444068,-0.588641640259,0.127540527049,-0.0510597585179,-0.618384366593_-0.40524112706,1.02629285775,-0.742545812177,-0.436871082499,0.309879862125,0.136007225989,-0.126469656314,0.6145713553/-0.342889780893,0.369660621906/21.7508961083/
5/0.162736413407,-0.262429467318,-0.852367280439,1.05349357557,-0.0806394969856,0.553650300357,-0.0105446775945,-0.688508503156_-0.293173021557,0.627559838079,0.119350086246,0.56721189641,-0.0977586069499,0.0204819894063,-0.418247798368,0.524099809026/0.406769326828,-0.510781552016/33.5737248932/
6/0.113522221575,0.589599271415,-0.595623160041,0.38376118374,-0.698805142097,0.0894292667212,-0.0731167287924,-0.759390889349_-0.363750743714,0.939038464711,-0.701055428831,-0.395380699153,0.222625469086,0.163500462623,-0.0849792729685,0.656061738646/-0.342889780893,0.369660621906/18.3757314857/
7/-0.0827976590984,-0.269194747221,-0.791243332831,0.907382100134,-0.0357033068174,0.455486940176,-0.0010919348967,-0.795961121163_-0.293173021557,0.627559838079,0.119350086246,0.529636904664,-0.0992452726662,0.0204819894063,-0.464966445818,0.557115513345/0.406769326828,-0.510781552016/30.7742623073/
3/-0.0827976590984,-0.323013391715,-0.791243332831,0.907382100134,-0.0158680361036,0.444508872547,-0.0010919348967,-0.711103556785_-0.40524112706,0.933716727272,-0.734834103756,-0.436871082499,0.309879862125,0.136007225989,-0.126469656314,0.6145713553/0.406769326828,0.369660621906/30.4207522301/
8/0.162736413407,-0.242665062005,-0.847457726567,0.997041974347,-0.0806394969856,0.553650300357,-0.00563512372199,-0.744960104384_-0.271576328152,0.60741534383,0.172947117754,0.551233598069,0.0680377054846,0.000337495157094,-0.438392292617,0.464734216071/0.406769326828,-0.510781552016/28.5982645964/
generacion
3/0.0830733254043,-0.307318138545,-0.835170883259,1.00932881766,-0.0683526536773,0.547368247027,0.00665171958636,-0.732673261076_-0.293173021557,0.627559838079,0.119350086246,0.529636904664,-0.0992452726662,0.0204819894063,-0.464966445818,0.557115513345/0.406769326828,-0.510781552016/33.0942843518/
5/0.0858978351805,0.560429191856,-0.466360491537,0.440137791793,-0.570376292534,0.145805874774,0.0340167049461,-0.600119018868_-0.746659447023,-0.777175366254,-0.717371352557,-0.624518565414,-0.375875215756,0.171066416187,0.457486663775,0.115184279282/-0.342889780893,-0.313929183339/10.0562428802/
7/0.113522221575,0.589599271415,-0.595623160041,0.38376118374,-0.698805142097,0.0894292667212,-0.0731167287924,-0.759390889349_-0.746659447023,-0.777175366254,-0.717371352557,-0.624518565414,-0.375875215756,0.132090838533,0.457486663775,0.038246153289/-0.342889780893,-0.313929183339/8.84959177813/
6/0.162736413407,-0.357302290707,-0.852367280439,1.05349357557,-0.0806394969856,0.553650300357,-0.0105446775945,-0.688508503156_-0.40524112706,0.933716727272,-0.798591138404,-0.436871082499,0.309879862125,0.136007225989,-0.136374010677,0.6145713553/0.406769326828,0.369660621906/39.1220945044/
8/-0.0827976590984,-0.323013391715,-0.791243332831,0.907382100134,-0.0158680361036,0.444508872547,-0.0010919348967,-0.711103556785_-0.293173021557,0.627559838079,0.140426866315,0.612833045107,-0.0766818268808,0.0603334018957,-0.418247798368,0.524099809026/0.406769326828,-0.510781552016/28.4399274283/
4/0.162736413407,-0.242665062005,-0.847457726567,0.92120245179,-0.163498585921,0.553650300357,-0.00563512372199,-0.744960104384_-0.363750743714,0.939038464711,-0.701055428831,-0.395380699153,0.222625469086,0.163500462623,-0.0849792729685,0.656061738646/0.406769326828,0.369660621906/22.0270612931/
2/0.162736413407,-0.242665062005,-0.847457726567,0.997041974347,-0.0806394969856,0.553650300357,-0.00563512372199,-0.744960104384_-0.40524112706,1.02629285775,-0.742545812177,-0.436871082499,0.327270198742,0.136007225989,-0.191596695346,0.6145713553/0.406769326828,0.369660621906/26.0392381453/
generacion
2/0.162736413407,-0.242665062005,-0.847457726567,0.997041974347,-0.0806394969856,0.553650300357,-0.00563512372199,-0.744960104384_-0.367094529357,0.939038464711,-0.701055428831,-0.334621818464,0.222625469086,0.163500462623,-0.0849792729685,0.656061738646/0.406769326828,0.369660621906/21.1072484041/
5/0.162736413407,-0.242665062005,-0.847457726567,0.92120245179,-0.163498585921,0.553650300357,-0.00563512372199,-0.744960104384_-0.40524112706,1.02629285775,-0.742545812177,-0.436871082499,0.327270198742,0.136007225989,-0.191596695346,0.6145713553/0.406769326828,0.369660621906/25.4562299622/
6/0.0630390302411,0.560429191856,-0.466360491537,0.370238069957,-0.570376292534,0.145805874774,0.0340167049461,-0.600119018868_-0.313251926897,1.03895642158,-0.701055428831,-0.295462742286,0.200521120385,0.163500462623,-0.034480456152,0.656061738646/-0.342889780893,0.369660621906/13.6871184125/
3/-0.0827976590984,-0.323013391715,-0.791243332831,0.907382100134,-0.0158680361036,0.444508872547,-0.0010919348967,-0.711103556785_-0.293173021557,0.627559838079,0.119350086246,0.439067444406,-0.14123794742,0.0204819894063,-0.464966445818,0.557115513345/0.406769326828,-0.510781552016/23.8434223015/
8/0.255231419309,-0.255891129631,-0.753035294137,0.907976384164,-0.0690761534911,0.540424232731,-0.0188611913481,-0.75818617201_-0.746659447023,-0.777175366254,-0.717371352557,-0.624518565414,-0.375875215756,0.171066416187,0.457486663775,0.115184279282/0.406769326828,-0.313929183339/13.1997418193/
7/0.162736413407,-0.242665062005,-0.847457726567,0.997041974347,-0.0806394969856,0.553650300357,-0.00563512372199,-0.744960104384_-0.293173021557,0.627559838079,0.119350086246,0.529636904664,-0.0992452726662,0.0204819894063,-0.464966445818,0.557115513345/0.406769326828,-0.510781552016/34.2303327147/
4/0.0830733254043,-0.307318138545,-0.835170883259,1.00932881766,-0.0683526536773,0.547368247027,0.00665171958636,-0.732673261076_-0.40524112706,1.02629285775,-0.742545812177,-0.436871082499,0.327270198742,0.136007225989,-0.191596695346,0.6145713553/0.406769326828,0.369660621906/25.6861979671/
generacion
8/0.0889828407925,-0.153912421149,-0.921211299182,0.923288401732,-0.061991860519,0.479896727742,-0.0793886963365,-0.818713676999_-0.313251926897,1.03895642158,-0.701055428831,-0.295462742286,0.200521120385,0.163500462623,-0.034480456152,0.656061738646/0.406769326828,0.369660621906/16.2233716255/
7/0.255231419309,-0.255891129631,-0.716750767246,0.944260911055,-0.0690761534911,0.540424232731,-0.0910104927375,-0.830335473399_-0.293173021557,0.627559838079,0.119350086246,0.439067444406,-0.14123794742,0.0204819894063,-0.464966445818,0.557115513345/0.406769326828,-0.510781552016/25.0237111597/
6/0.0630390302411,0.560429191856,-0.466360491537,0.370238069957,-0.570376292534,0.145805874774,0.0340167049461,-0.600119018868_-0.293173021557,0.627559838079,0.119350086246,0.529636904664,-0.125540519754,0.0204819894063,-0.464966445818,0.557115513345/-0.342889780893,-0.510781552016/28.4268751341/
4/-0.0827976590984,-0.323013391715,-0.791243332831,0.907382100134,-0.0158680361036,0.444508872547,-0.0010919348967,-0.711103556785_-0.746659447023,-0.777175366254,-0.717371352557,-0.624518565414,-0.375875215756,0.171066416187,0.457486663775,0.115184279282/0.406769326828,-0.313929183339/10.9685903605/
3/0.162736413407,-0.242665062005,-0.847457726567,0.870828369984,-0.163498585921,0.553650300357,-0.00563512372199,-0.744960104384_-0.199834295675,0.650012343989,0.102828387694,0.348305361096,-0.0478992215375,-0.0702800939037,-0.371627719936,0.557115513345/0.406769326828,-0.510781552016/39.3972238017/
2/0.162736413407,-0.242665062005,-0.847457726567,0.92120245179,-0.163498585921,0.553650300357,-0.00563512372199,-0.744960104384_-0.293173021557,0.627559838079,0.119350086246,0.439067444406,-0.14123794742,0.0204819894063,-0.464966445818,0.557115513345/0.406769326828,-0.510781552016/25.2214891369/
5/-0.0827976590984,-0.323013391715,-0.791243332831,0.827996805136,-0.110224729606,0.444508872547,-0.0010919348967,-0.711103556785_-0.40524112706,1.02629285775,-0.742545812177,-0.436871082499,0.327270198742,0.136007225989,-0.191596695346,0.6145713553/0.406769326828,0.369660621906/24.2387686296/