inicio
1/-0.14515204572887552,-0.7481213239315019,0.719438969746012,0.464839249308594,-0.2759843531347361,0.26740598301706386,0.806590575720239,0.9351562853679516_-0.5241701580551426,-0.42286031364183163,0.9598998331011004,-0.4757531671232964,0.4195874985867405,0.34251882963952074,0.6167701930376708,0.8486118740623079/0.46538111840872687,0.5446650632768193/0/
2/-0.4684662648328233,0.25842407638973697,0.8259747860618023,-0.48666272916136144,0.9559613146329222,0.6709386434370108,-0.30528331633461825,0.4773754757463651_-0.152878045841621,-0.04277064654923768,0.811610867603159,-0.4285109511561065,0.7772553398420552,0.38516679701873,0.2679677393405213,0.3239633194959808/0.11331438939929006,0.6540038867913698/0/
3/-0.07579335688278155,-0.9841833585709547,-0.016529744150334036,0.5457729169659065,-0.14136410706165137,-0.9844527281425055,-0.9552706985960666,-0.9171157911065511_0.39378235969192676,-0.3507619975634677,-0.39861656928614986,0.2663862277791784,-0.29940968372044385,-0.45561668940313527,-0.28498805889731793,0.2441009014845179/0.8110491393625412,-0.8776548638308486/0/
4/0.5356737703686096,0.8120683817015637,0.49408756944708165,-0.8970769685796112,0.7523725688741494,-0.2043812068776536,-0.8120497354354366,0.973940894968917_-0.7998695197014019,0.42449826799857227,0.8095231439478026,0.015118357376823877,0.7446756634061489,-0.5993780027110114,-0.4523730880149166,-0.4237444400898045/-0.676684766200599,-0.8046484312091882/0/
5/-0.32934985227104074,0.0845200001960702,0.21525233555165668,-0.7949633975033055,-0.8710931150614587,0.8433740252204989,-0.6055954034749813,-0.9581674697027489_0.5843807519676878,-0.43326167044743435,-0.4042026992182306,-0.47585117600646254,0.39381665537591215,-0.34680324086242265,0.8657849585238004,-0.9965643412052567/-0.0935031684152885,0.04660955235652331/0/
6/-0.16228594683111242,-0.10065815816690171,-0.7924840877842145,-0.02901055590207524,0.7166271305576801,-0.9098587926661246,0.6156727663472066,-0.020287365755809583_-0.5908275773199556,-0.9026917705325408,-0.47068965564959386,0.6883072808087125,-0.40319620746736873,0.20504045880941035,0.21097167710633413,-0.6188313614522345/0.4157862139341588,0.7018494309553067/0/
7/-0.6773669802977194,0.02614381237019936,-0.09909004946659006,0.24281760578421596,0.012743417922571831,0.7902304168353023,0.8614640942201128,-0.9038563622576623_0.7628188025553306,0.35648412007437313,-0.5775642056616916,-0.9627293045645426,-0.0276603370119477,0.23896835151280138,0.4199132774864516,-0.6179914102495392/0.04196291269189101,0.12595959535429113/0/
8/-0.9984009125471915,0.017768358841667053,-0.6037453964414181,-0.004863466827674134,-0.6567917559539833,-0.5948373034017111,-0.9453223647358993,-0.19031950918507534_0.1928669082227532,0.05262406008804188,0.17051385509563266,0.5290444061128927,0.8425339861331356,0.6940584356405937,0.218156242155348,0.2560323584894768/0.9638727944102297,-0.2094662830173164/0/
Generacion
1/-0.14515204572887552,-0.7481213239315019,0.719438969746012,0.464839249308594,-0.2759843531347361,0.26740598301706386,0.806590575720239,0.9351562853679516_-0.5241701580551426,-0.42286031364183163,0.9598998331011004,-0.4757531671232964,0.4195874985867405,0.34251882963952074,0.6167701930376708,0.8486118740623079/0.46538111840872687,0.5446650632768193/19.105917608194293/
7/-0.6773669802977194,0.02614381237019936,-0.09909004946659006,0.24281760578421596,0.012743417922571831,0.7902304168353023,0.8614640942201128,-0.9038563622576623_0.7628188025553306,0.35648412007437313,-0.5775642056616916,-0.9627293045645426,-0.0276603370119477,0.23896835151280138,0.4199132774864516,-0.6179914102495392/0.04196291269189101,0.12595959535429113/10.548829858759024/
2/-0.4684662648328233,0.25842407638973697,0.8259747860618023,-0.48666272916136144,0.9559613146329222,0.6709386434370108,-0.30528331633461825,0.4773754757463651_-0.152878045841621,-0.04277064654923768,0.811610867603159,-0.4285109511561065,0.7772553398420552,0.38516679701873,0.2679677393405213,0.3239633194959808/0.11331438939929006,0.6540038867913698/13.337163832582776/
5/-0.32934985227104074,0.0845200001960702,0.21525233555165668,-0.7949633975033055,-0.8710931150614587,0.8433740252204989,-0.6055954034749813,-0.9581674697027489_0.5843807519676878,-0.43326167044743435,-0.4042026992182306,-0.47585117600646254,0.39381665537591215,-0.34680324086242265,0.8657849585238004,-0.9965643412052567/-0.0935031684152885,0.04660955235652331/25.689942687002233/
4/0.5356737703686096,0.8120683817015637,0.49408756944708165,-0.8970769685796112,0.7523725688741494,-0.2043812068776536,-0.8120497354354366,0.973940894968917_-0.7998695197014019,0.42449826799857227,0.8095231439478026,0.015118357376823877,0.7446756634061489,-0.5993780027110114,-0.4523730880149166,-0.4237444400898045/-0.676684766200599,-0.8046484312091882/13.389229584108307/
6/-0.16228594683111242,-0.10065815816690171,-0.7924840877842145,-0.02901055590207524,0.7166271305576801,-0.9098587926661246,0.6156727663472066,-0.020287365755809583_-0.5908275773199556,-0.9026917705325408,-0.47068965564959386,0.6883072808087125,-0.40319620746736873,0.20504045880941035,0.21097167710633413,-0.6188313614522345/0.4157862139341588,0.7018494309553067/13.082630953766948/
8/-0.9984009125471915,0.017768358841667053,-0.6037453964414181,-0.004863466827674134,-0.6567917559539833,-0.5948373034017111,-0.9453223647358993,-0.19031950918507534_0.1928669082227532,0.05262406008804188,0.17051385509563266,0.5290444061128927,0.8425339861331356,0.6940584356405937,0.218156242155348,0.2560323584894768/0.9638727944102297,-0.2094662830173164/7.184156981704648/
3/-0.07579335688278155,-0.9841833585709547,-0.016529744150334036,0.5457729169659065,-0.14136410706165137,-0.9844527281425055,-0.9552706985960666,-0.9171157911065511_0.39378235969192676,-0.3507619975634677,-0.39861656928614986,0.2663862277791784,-0.29940968372044385,-0.45561668940313527,-0.28498805889731793,0.2441009014845179/0.8110491393625412,-0.8776548638308486/10.410691714269804/
Generacion
5/0.5356737703686096,0.8120683817015637,0.49408756944708165,-0.8970769685796112,0.7523725688741494,-0.2043812068776536,-0.8120497354354366,0.973940894968917_0.8070270079480405,0.35648412007437313,-0.5775642056616916,-0.9627293045645426,-0.0276603370119477,0.16014706304823806,0.4199132774864516,-0.6179914102495392/-0.676684766200599,0.12595959535429113/13.745602374944005/
7/-0.6309304551466299,0.07258033752128874,-0.18794493222725353,0.24786369053181895,0.059179943073661215,0.8366669419863917,0.8665101789677159,-0.8988102775100593_-0.8780801833767887,0.3462876043231854,0.8095231439478026,-0.063092306298563,0.768539230739774,-0.5348697401271028,-0.387864825431008,-0.4237444400898045/0.04196291269189101,-0.8046484312091882/10.573192031147592/
4/0.5425892944578361,0.8120683817015637,0.49408756944708165,-0.8970769685796112,0.7523725688741494,-0.2043812068776536,-0.8215021814464061,0.973940894968917_0.7159586386926238,0.3096239562116662,-0.6070170886642341,-1.0095894684272495,-0.05711322001449015,0.20951546851025893,0.37305311362374466,-0.664851574112246/-0.676684766200599,0.12595959535429113/14.232326863186643/
1/0.5698595178420851,0.8299750403901882,0.5119942281357062,-0.8791703098909867,0.7865583163476249,-0.18647454818902912,-0.7941430767468121,0.9918475536575415_0.39378235969192676,-0.3507619975634677,-0.39861656928614986,0.2663862277791784,-0.29940968372044385,-0.45561668940313527,-0.28498805889731793,0.2441009014845179/-0.676684766200599,-0.8776548638308486/15.383501977953904/
2/-0.6773669802977194,0.02614381237019936,-0.09909004946659006,0.24281760578421596,0.012743417922571831,0.7902304168353023,0.8614640942201128,-0.9038563622576623_-0.7031694195183517,0.42449826799857227,0.8095231439478026,0.015118357376823877,0.7446756634061489,-0.648028868912006,-0.4523730880149166,-0.4237444400898045/0.04196291269189101,-0.8046484312091882/10.139572055755496/
8/-0.16228594683111242,-0.1258720666630761,-0.8176979962803889,-0.056233550979753466,0.6981476252481128,-0.9098587926661246,0.6156727663472066,-0.04751036083348781_0.5843807519676878,-0.43921476708343843,-0.4042026992182306,-0.47585117600646254,0.45858758247138537,-0.4037870797215303,0.9305558856192736,-1.0025174378412607/0.4157862139341588,0.04660955235652331/27.337351134802805/
6/-0.32934985227104074,0.1565634002168996,0.21525233555165668,-0.8124105470804949,-0.8710931150614587,0.8433740252204989,-0.6055954034749813,-0.9581674697027489_-0.6077119491749892,-0.9026917705325408,-0.47068965564959386,0.7826375215606057,-0.30886596671547556,0.18815608695437686,0.21097167710633413,-0.6188313614522345/-0.0935031684152885,0.7018494309553067/12.34043981163365/
3/-0.07579335688278155,-0.9841833585709547,-0.016529744150334036,0.5457729169659065,-0.14136410706165137,-1.0747871170105587,-0.9552706985960666,-0.9171157911065511_-0.8992411601958367,0.3251266275041375,0.7993436631950938,-0.08425328311761089,0.6453040229117141,-0.5763502115191972,-0.5517447285093514,-0.5231160805842393/0.8110491393625412,-0.8046484312091882/39.275506652599624/
Generacion
4/0.6347895639056371,0.8299750403901882,0.5119942281357062,-0.8742178850936172,0.7865583163476249,-0.18647454818902912,-0.7941430767468121,0.9918475536575415_0.7159586386926238,0.3096239562116662,-0.6185650886069715,-1.0095894684272495,-0.05711322001449015,0.19796746856752154,0.37305311362374466,-0.7647572924461346/-0.676684766200599,0.12595959535429113/14.570623695630447/
1/-0.6309304551466299,0.07258033752128874,-0.18794493222725353,0.24786369053181895,0.059179943073661215,0.8366669419863917,0.8665101789677159,-0.8988102775100593_0.5657744913572654,-0.4578210276938608,-0.4042026992182306,-0.5673064054247813,0.5240208184139716,-0.4037870797215303,0.9305558856192736,-1.0939726672595793/0.04196291269189101,0.04660955235652331/31.29921691626607/
7/0.5425892944578361,0.8208949093198997,0.49408756944708165,-0.8970769685796112,0.7523725688741494,-0.2043812068776536,-0.8215021814464061,0.973940894968917_0.39378235969192676,-0.3507619975634677,-0.3770466630923198,0.2663862277791784,-0.2943878560644123,-0.45561668940313527,-0.28498805889731793,0.2441009014845179/-0.676684766200599,-0.8776548638308486/15.350847482449458/
8/0.5425892944578361,0.8120683817015637,0.49408756944708165,-0.8970769685796112,0.7523725688741494,-0.2043812068776536,-0.8215021814464061,0.973940894968917_0.5843807519676878,-0.49978404276074084,-0.4042026992182306,-0.40322517442673045,0.45858758247138537,-0.3311610781417982,0.9305558856192736,-0.9142366856747822/-0.676684766200599,0.04660955235652331/21.810131459222276/
5/0.4834571682246125,0.8120683817015637,0.49408756944708165,-0.8970769685796112,0.7523725688741494,-0.2043812068776536,-0.8779567675800852,0.973940894968917_-0.9983792829687032,0.3251266275041375,0.7993436631950938,-0.08425328311761089,0.6453040229117141,-0.6475970066521141,-0.5517447285093514,-0.5231160805842393/-0.676684766200599,-0.8046484312091882/12.912459167090914/
3/-0.16802466400747057,-0.15417665320980722,-0.8176979962803889,-0.061972268156111635,0.6981476252481128,-0.9098587926661246,0.6156727663472066,-0.03011660104428051_-0.8780801833767887,0.3462876043231854,0.8095231439478026,-0.063092306298563,0.768539230739774,-0.5348697401271028,-0.387864825431008,-0.4237444400898045/0.4157862139341588,-0.8046484312091882/12.71516782608944/
6/-0.09450544971614712,-0.2019731829788053,-0.7561506859040229,0.01154694613521183,0.7596949356244788,-0.8483114822897586,0.6772200767235725,0.01403694954287811_0.7159586386926238,0.23574421129747564,-0.6070170886642341,-1.0095894684272495,-0.05711322001449015,0.20951546851025893,0.3290466038365759,-0.664851574112246/0.4157862139341588,0.12595959535429113/14.00112021446273/
2/0.022311008372400992,-1.0234653970082512,-0.016529744150334036,0.4508665181849319,-0.23627050584262593,-0.9766827517553762,-0.9552706985960666,-0.9171157911065511_0.8070270079480405,0.35648412007437313,-0.5775642056616916,-0.9262882497655022,-0.0276603370119477,0.16014706304823806,0.43770839089881813,-0.6179914102495392/0.8110491393625412,0.12595959535429113/21.52204157864013/
Generacion
6/0.5425892944578361,0.8208949093198997,0.49408756944708165,-0.8970769685796112,0.7523725688741494,-0.2043812068776536,-0.8215021814464061,0.973940894968917_0.5590859555870664,-0.5561768384271607,-0.4042026992182306,-0.40322517442673045,0.43329278609076394,-0.24944235836332085,1.012274605397751,-0.9142366856747822/-0.676684766200599,0.04660955235652331/21.07088568975314/
2/0.4306046145151316,0.7592158279920829,0.44123501573760077,-0.8982771035447851,0.6995200151646686,-0.2043812068776536,-0.8791569025452591,1.0403446402970595_0.8083868507769896,0.3578439629033222,-0.5081081633011555,-0.9249284069365531,-0.026300494182998624,0.16014706304823806,0.5367421665881494,-0.5189576345602079/-0.676684766200599,0.12595959535429113/13.294832026296158/
8/0.5905954893252913,0.810946421638967,0.49408756944708165,-0.9352317128154872,0.7512506088115527,-0.2425359511135296,-0.8215021814464061,0.973940894968917_0.39378235969192676,-0.3507619975634677,-0.3273155315196367,0.2663862277791784,-0.34163004594489604,-0.45561668940313527,-0.28498805889731793,0.2441009014845179/-0.676684766200599,-0.8776548638308486/15.303368202305439/
7/0.6347895639056371,0.8299750403901882,0.5119942281357062,-0.8742178850936172,0.7865583163476249,-0.18647454818902912,-0.7941430767468121,0.9918475536575415_0.6285248163126149,-0.427778780599843,-0.33219743705733273,-0.3312199122658326,0.5305928446322832,-0.2591558159809003,1.0025611477801715,-0.8422314235138844/-0.676684766200599,0.04660955235652331/15.876449727184943/
3/-0.09450544971614712,-0.2019731829788053,-0.7561506859040229,0.01154694613521183,0.7847039613864745,-0.7545324347710911,0.6772200767235725,0.01403694954287811_0.6683974937824334,0.2620628113014758,-0.7093380898231638,-0.9580253091608152,-0.14788622123068254,0.19796746856752154,0.37305311362374466,-0.8123184373563249/0.4157862139341588,0.12595959535429113/11.316620765777266/
4/0.45680452829013124,0.8495578612365203,0.49408756944708165,-0.8970769685796112,0.7523725688741494,-0.2043812068776536,-0.8215021814464061,0.973940894968917_0.7318698959141764,0.32553521343321884,-0.7098519328030191,-0.9772629291359936,-0.02478668072323418,0.21387872578907416,0.3889643708452973,-0.7488460352245819/-0.676684766200599,0.12595959535429113/14.223880886012982/
1/0.6217345225189049,0.8168935751382763,0.4317810527552395,-0.936670813502392,0.7735032749608927,-0.24892747659780395,-0.8743562521272787,0.9293946252487667_0.7669157909596765,0.3045874392630999,-0.5560599363971813,-1.0835802326921657,-0.09418298886962144,0.26047262077731165,0.2550558395716598,-0.6138944218451933/-0.676684766200599,0.12595959535429113/14.149402465389123/
5/0.022311008372400992,-1.0234653970082512,-0.016529744150334036,0.4508665181849319,-0.23627050584262593,-0.9766827517553762,-0.9552706985960666,-0.9171157911065511_-0.9299174911348724,0.3911144921191497,0.7993436631950938,-0.018265418502598663,0.7137658147455448,-0.6475970066521141,-0.4832829366755207,-0.5964689559445423/0.8110491393625412,-0.8046484312091882/40.502803151737076/
Generacion
1/0.6217345225189049,0.8168935751382763,0.4317810527552395,-0.936670813502392,0.7952138498059539,-0.24892747659780395,-0.8743562521272787,0.9293946252487667_0.5917787972811077,-0.5745285942194098,-0.37150985752418925,-0.3705323327326891,0.36928686924159165,-0.26779411415557,0.9939228496055018,-0.9325884414670313/-0.676684766200599,0.04660955235652331/20.811712694857736/
7/0.5905954893252913,0.810946421638967,0.49408756944708165,-0.9352317128154872,0.7512506088115527,-0.25956468307158653,-0.8215021814464061,0.973940894968917_0.7318698959141764,0.32553521343321884,-0.6483605510352257,-0.9772629291359936,-0.02478668072323418,0.21387872578907416,0.3889643708452973,-0.8343583820268372/-0.676684766200599,0.12595959535429113/14.317912843796375/
3/0.6259188817866176,0.7918172877379448,0.4650099478651267,-0.9638035697394368,0.7232949472921945,-0.23345882845960853,-0.8115625595327761,0.9448632733869621_0.7669157909596765,0.3045874392630999,-0.5560599363971813,-1.0835802326921657,-0.09418298886962144,0.26047262077731165,0.2550558395716598,-0.6138944218451933/-0.676684766200599,0.12595959535429113/14.005552679401044/
5/0.5527069551330015,0.7478924316175526,0.4299116193630706,-0.9563004938662528,0.7044757075749892,-0.14531616340053047,-0.8575852340657195,1.0137658409992827_-0.9299174911348724,0.39352139899444044,0.8559512075776202,-0.015858511627307958,0.7161727216208355,-0.6899603280765177,-0.5256462580999244,-0.5940620490692516/-0.676684766200599,-0.8046484312091882/13.120670304295704/
4/0.3773272020130406,0.7700805349594297,0.5018176521894812,-0.8269404869894259,0.7601026516165489,-0.28385853315474424,-0.9009795077234967,1.0087462817202775_0.39378235969192676,-0.3507619975634677,-0.30286054516844224,0.2663862277791784,-0.4178726511295022,-0.4311617030519408,-0.22127806064816002,0.2441009014845179/-0.676684766200599,-0.8776548638308486/14.891672428502492/
8/0.6347895639056371,0.8299750403901882,0.5119942281357062,-0.8742178850936172,0.7865583163476249,-0.18647454818902912,-0.7941430767468121,0.9918475536575415_-0.9299174911348724,0.3911144921191497,0.7993436631950938,-0.018265418502598663,0.6337132087229895,-0.6072630234960934,-0.5727969198898176,-0.6859829391588392/-0.676684766200599,-0.8046484312091882/13.342805153791428/
2/-0.027854847500468266,-1.0234653970082512,-0.0666956000232033,0.4406765682551219,-0.23627050584262593,-0.9766827517553762,-0.9552706985960666,-0.9635498020068138_0.577434030255321,-0.427778780599843,-0.3832882231146266,-0.3297100390829032,0.4795020585749893,-0.2591558159809003,1.0040710209631007,-0.8315718570136558/0.8110491393625412,0.04660955235652331/24.632281435818463/
6/0.10054808186918036,-1.0427756872598206,-0.016529744150334036,0.4508665181849319,-0.23627050584262593,-0.8984456782585969,-1.0536758497511898,-1.0155209422616742_0.6285248163126149,-0.427778780599843,-0.41164553669854265,-0.3312199122658326,0.5933922134642508,-0.2591558159809003,1.0025611477801715,-0.8422314235138844/0.8110491393625412,0.04660955235652331/28.346941641178123/
Generacion
5/0.3773272020130406,0.7700805349594297,0.4294480645948706,-0.7366868196156122,0.7601026516165489,-0.28385853315474424,-0.9009795077234967,1.0087462817202775_0.5917787972811077,-0.5745285942194098,-0.37150985752418925,-0.3705323327326891,0.27037229850303823,-0.26779411415557,1.0675350409965072,-0.9325884414670313/-0.676684766200599,0.04660955235652331/22.492267342003974/
7/0.6345983938332952,0.7835428524460651,0.5118030580633642,-0.8744090551659591,0.8064803768492057,-0.18666571826137104,-0.794334246819154,0.9454153657134184_0.5972823653686187,-0.6145826542537424,-0.37150985752418925,-0.3705323327326891,0.36928686924159165,-0.26779411415557,0.9939228496055018,-0.9325884414670313/-0.676684766200599,0.04660955235652331/21.828778885270278/
8/0.5864185963193463,0.7143782160562093,0.3712060329860952,-1.0576074846184684,0.629491032413163,-0.29143246743586804,-0.9053664744118076,0.8510593585079306_0.7499032563381695,0.24807904143233414,-0.7258167230361104,-1.0547191011368782,-0.10224285272411887,0.13642255378818946,0.45164839897750264,-0.9118145540277219/-0.676684766200599,0.12595959535429113/14.838374143183007/
6/0.5905954893252913,0.810946421638967,0.49408756944708165,-0.9352317128154872,0.7512506088115527,-0.25956468307158653,-0.8215021814464061,0.901712534179337_0.7691418660663949,0.39414308531381503,-0.4665042903464662,-0.9940245866414507,-0.00462734281890631,0.3500282668280268,0.3446114856223749,-0.5243387757944782/-0.676684766200599,0.12595959535429113/13.385022823597733/
2/0.6217345225189049,0.8168935751382763,0.4458071782564882,-0.9226446880011433,0.7952138498059539,-0.24892747659780395,-0.8903476325670661,0.9134032448089794_0.4740874350568686,-0.40704597725603753,-0.25857865947574366,0.310668113471877,-0.3401817399585722,-0.35085662768699893,-0.14358714947723,0.32440597684945977/-0.676684766200599,-0.8776548638308486/18.81965182148489/
1/0.6347895639056371,0.8299750403901882,0.5119942281357062,-0.8742178850936172,0.7865583163476249,-0.18647454818902912,-0.7941430767468121,0.9918475536575415_0.6826144167244131,-0.3979490692605174,-0.4888619845545991,-0.2771303118540344,0.5933922134642508,-0.2293261046415747,1.0025611477801715,-0.8422314235138844/-0.676684766200599,0.04660955235652331/14.996886445994061/
4/0.6217345225189049,0.8168935751382763,0.36611793344034743,-0.9129830444106807,0.8310499886704946,-0.24892747659780395,-0.9400193714421708,0.953082394340478_-0.8689412296072521,0.4520907536467701,0.8603199247227141,0.042710843025021684,0.6946894702506099,-0.546286761968473,-0.6325740586033297,-0.6250066776312189/-0.676684766200599,-0.8046484312091882/13.228643598705608/
3/0.1411540493306605,-1.0473071963977139,0.024076223311146117,0.3609723333762989,-0.19566453838114578,-0.8578397107971167,-1.058207358889083,-0.9749149748001941_-0.8662234904558116,0.3911144921191497,0.8630376638741546,0.01958349653162321,0.5506278481526097,-0.5435690228170326,-0.5234869267605016,-0.6222889384797784/0.8110491393625412,-0.8046484312091882/8.164257791237478/
Generacion
4/0.697006493447651,0.8216877692250704,0.5210791491852342,-0.9178504939143493,0.8461776851163371,-0.24413328251100988,-0.8903476325670661,0.9181974388957734_0.5972823653686187,-0.6145826542537424,-0.37150985752418925,-0.3705323327326891,0.36928686924159165,-0.26779411415557,0.9939228496055018,-0.9325884414670313/-0.676684766200599,0.04660955235652331/22.048903062764523/
8/0.6847508922717747,0.8109961564540056,0.4444586394194477,-0.849966674657811,0.9093906946495949,-0.1705867706187037,-0.8616786654630706,1.0314231003195782_0.6126512514675633,-0.5745285942194098,-0.37150985752418925,-0.3705323327326891,0.27037229850303823,-0.26779411415557,1.0675350409965072,-0.9325884414670313/-0.676684766200599,0.04660955235652331/22.174658934399886/
7/0.6830587745619333,0.8326807177706248,0.5118030580633642,-0.8744090551659591,0.8549407575778438,-0.18666571826137104,-0.8841057125113916,0.9454153657134184_0.41191739991023546,-0.4692160124026707,-0.19359348594387032,0.24849807832524384,-0.40235177510520537,-0.4130266628336321,-0.10299640687190191,0.2622359417028266/-0.676684766200599,-0.8776548638308486/15.798969729932729/
5/0.5864185963193463,0.7143782160562093,0.3712060329860952,-1.0576074846184684,0.629491032413163,-0.29143246743586804,-0.9053664744118076,0.8510593585079306_0.4740874350568686,-0.40704597725603753,-0.16334528593688113,0.310668113471877,-0.3401817399585722,-0.35085662768699893,-0.2314178556143514,0.4196393503883223/-0.676684766200599,-0.8776548638308486/19.537447808090384/
2/0.6217345225189049,0.8168935751382763,0.4458071782564882,-0.9226446880011433,0.7952138498059539,-0.24892747659780395,-0.8903476325670661,0.9134032448089794_0.7499032563381695,0.24807904143233414,-0.7258167230361104,-1.0547191011368782,-0.10224285272411887,0.13642255378818946,0.45164839897750264,-0.9118145540277219/-0.676684766200599,0.12595959535429113/15.135674612524218/
6/0.3773272020130406,0.7700805349594297,0.4294480645948706,-0.7366868196156122,0.7601026516165489,-0.28385853315474424,-0.9009795077234967,1.0087462817202775_-0.8931928519979924,0.37367836326146864,0.8360683023319738,0.042710843025021684,0.6963081284360145,-0.6246991523537745,-0.6309554004179251,-0.6250066776312189/-0.676684766200599,-0.8046484312091882/12.703571546140513/
1/0.5607745861155254,0.810946421638967,0.49408756944708165,-0.9352317128154872,0.8033107773580528,-0.25956468307158653,-0.8215021814464061,0.901712534179337_0.5917787972811077,-0.5745285942194098,-0.37150985752418925,-0.3705323327326891,0.27037229850303823,-0.26779411415557,1.0675350409965072,-0.9325884414670313/-0.676684766200599,0.04660955235652331/22.921269162839526/
3/0.3360113458031741,0.8442431722975551,0.4294480645948706,-0.7780026758254788,0.6765762191498755,-0.36738496562141754,-0.9422953639333632,1.0000457614333962_0.7691418660663949,0.39414308531381503,-0.44241237056372823,-0.9940245866414507,-0.00462734281890631,0.3932127787725751,0.3446114856223749,-0.5243387757944782/-0.676684766200599,0.12595959535429113/12.602475097003284/
Generacion
4/0.6217345225189049,0.7371574031873737,0.36607100630558553,-1.002380859952046,0.7952138498059539,-0.2744554740221488,-0.8059921692897889,0.9574925322799035_0.41191739991023546,-0.4692160124026707,-0.19359348594387032,0.31667700074048044,-0.40235177510520537,-0.4130266628336321,-0.09183406667861795,0.2622359417028266/-0.676684766200599,-0.8776548638308486/15.922376564004429/
6/0.2643016081195484,0.8570005217011625,0.3577383269112449,-0.7359843745332748,0.6048664814662499,-0.43909470330504324,-1.0140051016169889,0.9283360237497705_0.7499032563381695,0.24807904143233414,-0.7258167230361104,-1.0547191011368782,-0.10224285272411887,0.13642255378818946,0.45164839897750264,-0.9118145540277219/-0.676684766200599,0.12595959535429113/13.772175608444748/
7/0.6830587745619333,0.8326807177706248,0.5118030580633642,-0.8225498758788355,0.8549407575778438,-0.18666571826137104,-0.8841057125113916,0.9454153657134184_0.7499032563381695,0.24807904143233414,-0.7258167230361104,-1.0547191011368782,-0.10224285272411887,0.13642255378818946,0.45164839897750264,-0.9118145540277219/-0.676684766200599,0.12595959535429113/15.404345859062285/
1/0.30205216978718974,0.6948055027335789,0.35417303236901976,-0.8119618518414631,0.7120542946178693,-0.3591335653805951,-0.9934293979703219,0.9334712494944266_0.5972823653686187,-0.6145826542537424,-0.42625948877813913,-0.3705323327326891,0.43990508994888244,-0.26779411415557,0.9939228496055018,-0.9325884414670313/-0.676684766200599,0.04660955235652331/19.595997046955727/
3/0.697006493447651,0.8216877692250704,0.5210791491852342,-0.9178504939143493,0.8461776851163371,-0.24413328251100988,-0.8903476325670661,0.9181974388957734_-0.8931928519979924,0.37367836326146864,0.8935784625327041,0.042710843025021684,0.7702125094095463,-0.6246991523537745,-0.6309554004179251,-0.6250066776312189/-0.676684766200599,-0.8046484312091882/13.272842841186486/
5/0.697006493447651,0.8556296031609193,0.5210791491852342,-0.9178504939143493,0.8461776851163371,-0.24413328251100988,-0.8903476325670661,0.9181974388957734_0.6126512514675633,-0.5745285942194098,-0.41715728431676274,-0.3827928260324404,0.2247248717104647,-0.3140617457137672,1.0212674094383098,-0.9325884414670313/-0.676684766200599,0.04660955235652331/29.57254506875539/
8/0.6360019875134947,0.7960954766597699,0.4798926177182766,-0.9434427864796497,0.7744157513274474,-0.21484203713601552,-0.8903476325670661,0.9474886842707678_0.7691418660663949,0.39414308531381503,-0.44241237056372823,-0.9940245866414507,-0.00462734281890631,0.3932127787725751,0.3446114856223749,-0.5243387757944782/-0.676684766200599,0.12595959535429113/13.53195492227608/
2/0.5900885035303503,0.7163337677125812,0.39475921672065023,-0.9446290633992354,0.8532396227859117,-0.26524915936012816,-0.911378088161868,0.9817236776207807_0.5972823653686187,-0.6145826542537424,-0.37150985752418925,-0.3705323327326891,0.36928686924159165,-0.26779411415557,0.9939228496055018,-0.9325884414670313/-0.676684766200599,0.04660955235652331/21.955229135782723/
Generacion
3/0.6925419930329813,0.80796487370145,0.4101656802768877,-0.9582861859807439,0.8393085237772561,-0.23036080005084666,-0.7618974953184867,0.9616715097714693_0.7131983831863572,0.3045150771036419,-0.7258167230361104,-1.0547191011368782,-0.10224285272411887,0.19285858945949721,0.45164839897750264,-0.9485194271795342/-0.676684766200599,0.12595959535429113/15.333207034592975/
6/0.7035941601339581,0.6997284248708316,0.32864202798904346,-0.941828588232238,0.8770734874210071,-0.3118844523386909,-0.8434211476063309,0.9200635539633615_0.7691418660663949,0.39414308531381503,-0.44241237056372823,-0.9940245866414507,-0.00462734281890631,0.3932127787725751,0.3446114856223749,-0.5243387757944782/-0.676684766200599,0.12595959535429113/13.467786108010845/
2/0.697006493447651,0.8556296031609193,0.5210791491852342,-0.9178504939143493,0.8461776851163371,-0.24413328251100988,-0.9015294708933754,0.9181974388957734_0.5972823653686187,-0.6145826542537424,-0.37150985752418925,-0.3705323327326891,0.4200012180441804,-0.20181939428218765,0.9939228496055018,-0.9325884414670313/-0.676684766200599,0.04660955235652331/19.21877753336281/
5/0.5900885035303503,0.7163337677125812,0.39475921672065023,-0.9446290633992354,0.8532396227859117,-0.26524915936012816,-0.8165947661554872,0.9817236776207807_0.6126512514675633,-0.5745285942194098,-0.41715728431676274,-0.3827928260324404,0.2247248717104647,-0.3140617457137672,1.0212674094383098,-0.9325884414670313/-0.676684766200599,0.04660955235652331/29.203182410048182/
1/0.6830587745619333,0.8952830874662977,0.5118030580633642,-0.8225498758788355,0.8549407575778438,-0.18666571826137104,-0.8000948131439825,0.9454153657134184_0.41191739991023546,-0.4692160124026707,-0.19359348594387032,0.31667700074048044,-0.40235177510520537,-0.4130266628336321,-0.09183406667861795,0.2622359417028266/-0.676684766200599,-0.8776548638308486/16.047915017937456/
7/0.697006493447651,0.8556296031609193,0.5210791491852342,-0.9178504939143493,0.8461776851163371,-0.24413328251100988,-0.8903476325670661,0.9181974388957734_0.7499032563381695,0.24807904143233414,-0.7258167230361104,-1.0547191011368782,-0.11587610135127303,0.13642255378818946,0.45164839897750264,-0.9744315115116464/-0.676684766200599,0.12595959535429113/15.515272358514268/
8/0.7144523953925898,0.874545884538865,0.5789621959462498,-0.8649923786005547,0.8528661592065425,-0.1706508596993391,-0.811897224687971,0.9916798617074443_0.41191739991023546,-0.3791286051495665,-0.19359348594387032,0.3768688094470817,-0.40235177510520537,-0.4130266628336321,-0.09183406667861795,0.2622359417028266/-0.676684766200599,-0.8776548638308486/16.976008174080967/
4/0.2643016081195484,0.8570005217011625,0.3577383269112449,-0.7359843745332748,0.5172912563362311,-0.37110844246493646,-1.0140051016169889,0.9283360237497705_0.6683949675872397,-0.5930999487123614,-0.3614135681970863,-0.3070611696727483,0.2247248717104647,-0.3326331002067188,1.0212674094383098,-0.9325884414670313/-0.676684766200599,0.04660955235652331/20.682330715286525/
Generacion
7/0.63169895087538,0.7579442150576109,0.39359725706621435,-0.9623613789986284,0.8520776631314758,-0.2236387120150984,-0.7749843188104575,1.0233341249658106_0.7131983831863572,0.3045150771036419,-0.7258167230361104,-1.0547191011368782,-0.10224285272411887,0.19285858945949721,0.45164839897750264,-0.9485194271795342/-0.676684766200599,0.12595959535429113/15.095804409206561/
8/0.5900885035303503,0.7163337677125812,0.39475921672065023,-1.0097722395396387,0.8532396227859117,-0.19222256072281615,-0.8165947661554872,0.9817236776207807_0.33963523043151006,-0.4514107746282919,-0.2658756554225957,0.3245381686445958,-0.34921390063296387,-0.5005699207048374,-0.16411623615734333,0.17469268383162134/-0.676684766200599,-0.8776548638308486/14.591441949031987/
2/0.5900885035303503,0.6972896979195127,0.39475921672065023,-0.9446290633992354,0.8564590282211276,-0.26524915936012816,-0.8165947661554872,0.9817236776207807_0.7499032563381695,0.24807904143233414,-0.7258167230361104,-1.0547191011368782,-0.11587610135127303,0.13642255378818946,0.45164839897750264,-0.9744315115116464/-0.676684766200599,0.12595959535429113/15.367982450759026/
1/0.697006493447651,0.8453613786840926,0.5342974604974002,-0.9046321826021833,0.8461776851163371,-0.24413328251100988,-0.8903476325670661,0.9079292144189467_0.6126512514675633,-0.5745285942194098,-0.41715728431676274,-0.3827928260324404,0.2247248717104647,-0.3140617457137672,1.0212674094383098,-0.9325884414670313/-0.676684766200599,0.04660955235652331/29.012466687922718/
6/0.7144523953925898,0.874545884538865,0.5789621959462498,-0.9023526209131573,0.8528661592065425,-0.1706508596993391,-0.811897224687971,0.9712429018256442_0.6126512514675633,-0.5745285942194098,-0.41715728431676274,-0.3827928260324404,0.2247248717104647,-0.3140617457137672,1.0212674094383098,-0.9325884414670313/-0.676684766200599,0.04660955235652331/28.098257040918458/
5/0.697006493447651,0.8556296031609193,0.5210791491852342,-0.9178504939143493,0.8461776851163371,-0.24413328251100988,-0.8078770087445918,1.0051385284697076_0.5706479255397843,-0.5456532903123067,-0.3882819804096596,-0.3539175221253373,0.25360017561756787,-0.3560650716415462,1.050142713345413,-0.9037131375599282/-0.676684766200599,0.04660955235652331/31.85319125721248/
3/0.5900885035303503,0.7163337677125812,0.39475921672065023,-0.9446290633992354,0.8532396227859117,-0.26524915936012816,-0.8165947661554872,0.9817236776207807_0.7499032563381695,0.24807904143233414,-0.7258167230361104,-1.0547191011368782,-0.11587610135127303,0.13642255378818946,0.45164839897750264,-0.9744315115116464/-0.676684766200599,0.12595959535429113/15.345435841283972/
4/0.6925419930329813,0.80796487370145,0.4101656802768877,-0.9582861859807439,0.8393085237772561,-0.23036080005084666,-0.7618974953184867,0.9616715097714693_0.558542665913577,-0.6286371797733961,-0.35305481387977766,-0.31869035559545533,0.28882734214744976,-0.24995927527678216,1.0853698798752949,-0.8684859710300463/-0.676684766200599,0.04660955235652331/23.870152039979395/
Generacion
3/0.697006493447651,0.8556296031609193,0.5210791491852342,-0.9178504939143493,0.8461776851163371,-0.17237160260533452,-0.8131108015743708,1.0051385284697076_0.7131983831863572,0.3045150771036419,-0.7258167230361104,-1.0547191011368782,-0.10224285272411887,0.19285858945949721,0.45164839897750264,-0.9485194271795342/-0.676684766200599,0.12595959535429113/15.255021205358469/
6/0.63169895087538,0.7579442150576109,0.39359725706621435,-0.9623613789986284,0.8520776631314758,-0.2236387120150984,-0.7749843188104575,1.0233341249658106_0.6025669417524863,-0.48878766542516816,-0.35636296419695757,-0.32199850591263524,0.2855191918302699,-0.37726768586553316,1.0820617295581152,-0.8295436741040066/-0.676684766200599,0.04660955235652331/22.169744364951356/
7/0.7244337100349162,0.874545884538865,0.5789621959462498,-0.9046579472992887,0.8528661592065425,-0.1706508596993391,-0.811897224687971,0.9712429018256442_0.6294088842989483,-0.6913322104129611,-0.35305481387977766,-0.3813853862350204,0.2261323115078847,-0.18541641354449054,1.0226748492357298,-0.7976197526446751/-0.676684766200599,0.04660955235652331/20.324238974625555/
8/0.697006493447651,0.8556296031609193,0.5210791491852342,-0.9178504939143493,0.8461776851163371,-0.24413328251100988,-0.8078770087445918,1.0051385284697076_0.7131983831863572,0.3045150771036419,-0.7258167230361104,-1.0547191011368782,-0.10224285272411887,0.19285858945949721,0.45164839897750264,-0.9385441109375953/-0.676684766200599,0.12595959535429113/15.248342623905163/
4/0.7496234252467707,0.7949308836423321,0.35194930950311604,-0.9012047537669544,0.8963899559910455,-0.24339479010996454,-0.7048160631046972,0.9034551389976976_0.5522577295465253,-0.5415625182632208,-0.41715728431676274,-0.3827928260324404,0.2247248717104647,-0.3140617457137672,1.0212674094383098,-0.9325884414670313/-0.676684766200599,0.04660955235652331/37.80008713813037/
2/0.697006493447651,0.8453613786840926,0.5342974604974002,-0.9046321826021833,0.8461776851163371,-0.24413328251100988,-0.8903476325670661,0.9079292144189467_0.7499032563381695,0.24807904143233414,-0.7258167230361104,-1.0547191011368782,-0.11587610135127303,0.13642255378818946,0.45164839897750264,-0.9744315115116464/-0.676684766200599,0.12595959535429113/15.422306427345427/
5/0.5900885035303503,0.6972896979195127,0.39475921672065023,-0.9446290633992354,0.8564590282211276,-0.26524915936012816,-0.8165947661554872,0.9817236776207807_0.6126512514675633,-0.5745285942194098,-0.42966965833187526,-0.329314881868213,0.2247248717104647,-0.32657411972887973,1.0212674094383098,-0.879110497302804/-0.676684766200599,0.04660955235652331/27.905184872314166/
1/0.6343618733636985,0.6892263626635695,0.3962601795545329,-1.0310792313926698,0.8317723360311818,-0.22097578952677988,-0.8437021712044989,1.0259970474541291_0.5706479255397843,-0.5456532903123067,-0.3882819804096596,-0.3539175221253373,0.25360017561756787,-0.3560650716415462,1.050142713345413,-0.9037131375599282/-0.676684766200599,0.04660955235652331/34.25734005855342/
Generacion
7/0.5900885035303503,0.6972896979195127,0.39475921672065023,-0.9446290633992354,0.8564590282211276,-0.26524915936012816,-0.8165947661554872,0.9817236776207807_0.6986003947154931,-0.48878766542516816,-0.35636296419695757,-0.32199850591263524,0.2855191918302699,-0.37726768586553316,1.0820617295581152,-0.7604913830914332/-0.676684766200599,0.04660955235652331/17.586836498014733/
2/0.697006493447651,0.8453613786840926,0.5342974604974002,-0.9206893161469739,0.8461776851163371,-0.24413328251100988,-0.8840867244212998,0.9079292144189467_0.5522577295465253,-0.5415625182632208,-0.41715728431676274,-0.3827928260324404,0.2247248717104647,-0.3140617457137672,1.0212674094383098,-0.9325884414670313/-0.676684766200599,0.04660955235652331/39.92132309418531/
1/0.7244337100349162,0.874545884538865,0.5789621959462498,-0.9046579472992887,0.8528661592065425,-0.1706508596993391,-0.811897224687971,0.9712429018256442_0.6126512514675633,-0.5745285942194098,-0.42966965833187526,-0.329314881868213,0.2247248717104647,-0.32657411972887973,1.0212674094383098,-0.879110497302804/-0.676684766200599,0.04660955235652331/26.823939564973802/
6/0.6805149744897643,0.830627148993713,0.5350434604010978,-0.9485766828444406,0.8089474236613906,-0.21456959524449098,-0.7404277427686906,0.9273241662804923_0.5522577295465253,-0.5415625182632208,-0.41715728431676274,-0.3827928260324404,0.2247248717104647,-0.3140617457137672,1.0212674094383098,-0.9325884414670313/-0.676684766200599,0.04660955235652331/40.46244191291237/
8/0.7496234252467707,0.7949308836423321,0.35194930950311604,-0.9012047537669544,0.8963899559910455,-0.24339479010996454,-0.7048160631046972,0.9034551389976976_0.6294088842989483,-0.6913322104129611,-0.35305481387977766,-0.3813853862350204,0.2261323115078847,-0.18541641354449054,1.0226748492357298,-0.7976197526446751/-0.676684766200599,0.04660955235652331/20.223831317052113/
3/0.5900885035303503,0.6972896979195127,0.39475921672065023,-0.9446290633992354,0.8564590282211276,-0.26524915936012816,-0.8165947661554872,0.9817236776207807_0.6294088842989483,-0.6913322104129611,-0.35305481387977766,-0.3813853862350204,0.2261323115078847,-0.18541641354449054,1.0226748492357298,-0.7976197526446751/-0.676684766200599,0.04660955235652331/20.60845946784271/
4/0.63169895087538,0.7579442150576109,0.39359725706621435,-0.9623613789986284,0.8520776631314758,-0.2236387120150984,-0.7749843188104575,1.0233341249658106_0.6126512514675633,-0.5745285942194098,-0.42966965833187526,-0.329314881868213,0.2247248717104647,-0.32657411972887973,1.0212674094383098,-0.879110497302804/-0.676684766200599,0.04660955235652331/27.13076976933304/
5/0.7677436190952784,0.7949308836423321,0.35194930950311604,-0.9012047537669544,0.8963899559910455,-0.24339479010996454,-0.7048160631046972,0.9034551389976976_0.7499032563381695,0.24807904143233414,-0.7258167230361104,-1.0547191011368782,-0.11587610135127303,0.13642255378818946,0.45164839897750264,-0.9608017828710415/-0.676684766200599,0.12595959535429113/15.670638622363649/
Generacion
8/0.7244337100349162,0.874545884538865,0.5789621959462498,-0.9046579472992887,0.8528661592065425,-0.1706508596993391,-0.811897224687971,0.9712429018256442_0.5522577295465253,-0.5415625182632208,-0.41715728431676274,-0.3827928260324404,0.2247248717104647,-0.3140617457137672,1.0212674094383098,-0.9325884414670313/-0.676684766200599,0.04660955235652331/39.810351063616366/
6/0.768053658589501,0.9164085438259426,0.6053446256392503,-1.0161927085836693,0.7506742926796418,-0.1618607062215015,-0.979590116857995,0.9789763795607968_0.6126512514675633,-0.5745285942194098,-0.42966965833187526,-0.329314881868213,0.2247248717104647,-0.32657411972887973,1.0212674094383098,-0.879110497302804/-0.676684766200599,0.04660955235652331/27.316762908721188/
2/0.63169895087538,0.7579442150576109,0.39359725706621435,-0.9400816741443984,0.8520776631314758,-0.2236387120150984,-0.7749843188104575,1.0485243836161737_0.6294088842989483,-0.6913322104129611,-0.35305481387977766,-0.3813853862350204,0.2261323115078847,-0.18541641354449054,1.0226748492357298,-0.7976197526446751/-0.676684766200599,0.04660955235652331/20.387432756539017/
3/0.7496234252467707,0.7949308836423321,0.35194930950311604,-0.9012047537669544,0.8963899559910455,-0.24339479010996454,-0.7048160631046972,0.9034551389976976_0.6126512514675633,-0.5745285942194098,-0.42966965833187526,-0.329314881868213,0.2247248717104647,-0.32657411972887973,1.0212674094383098,-0.879110497302804/-0.676684766200599,0.04660955235652331/26.578099662202863/
4/0.7244337100349162,0.874545884538865,0.5789621959462498,-0.9046579472992887,0.8528661592065425,-0.1706508596993391,-0.811897224687971,0.9712429018256442_0.6294088842989483,-0.6913322104129611,-0.3799980569256544,-0.42506963308509493,0.2261323115078847,-0.18541641354449054,1.0226748492357298,-0.7976197526446751/-0.676684766200599,0.04660955235652331/21.50875213211441/
7/0.805830657026824,0.7286892575348193,0.28570768339560315,-0.8449975219869011,0.8301483298835327,-0.3096364162174774,-0.7710576892122101,0.9596623707777509_0.6126512514675633,-0.5745285942194098,-0.42966965833187526,-0.329314881868213,0.2247248717104647,-0.32657411972887973,1.0212674094383098,-0.879110497302804/-0.676684766200599,0.04660955235652331/28.25074073533185/
1/0.63169895087538,0.7579442150576109,0.39359725706621435,-0.9623613789986284,0.8520776631314758,-0.2236387120150984,-0.8009807222680038,1.0341411213691294_0.6528428024395041,-0.7619329454895933,-0.42365554895640983,-0.3813853862350204,0.13564786758019703,-0.2759008574721782,1.0461087673762857,-0.8881041965723627/-0.676684766200599,0.04660955235652331/31.576173061398862/
5/0.5900885035303503,0.6972896979195127,0.39475921672065023,-0.9446290633992354,0.8564590282211276,-0.26524915936012816,-0.8165947661554872,0.9817236776207807_0.6126512514675633,-0.5745285942194098,-0.42966965833187526,-0.329314881868213,0.2247248717104647,-0.32657411972887973,1.0212674094383098,-0.879110497302804/-0.676684766200599,0.04660955235652331/26.774962673779974/
Generacion
1/0.7244337100349162,0.874545884538865,0.5789621959462498,-0.9046579472992887,0.8528661592065425,-0.1706508596993391,-0.811897224687971,0.9712429018256442_0.6126512514675633,-0.5745285942194098,-0.42966965833187526,-0.329314881868213,0.2247248717104647,-0.32657411972887973,1.0212674094383098,-0.879110497302804/-0.676684766200599,0.04660955235652331/26.9074537381344/
3/0.805830657026824,0.7286892575348193,0.28570768339560315,-0.8449975219869011,0.8301483298835327,-0.3096364162174774,-0.7710576892122101,0.9596623707777509_0.6294088842989483,-0.6913322104129611,-0.3799980569256544,-0.42506963308509493,0.2261323115078847,-0.18541641354449054,1.0226748492357298,-0.7976197526446751/-0.676684766200599,0.04660955235652331/21.444175356290238/
5/0.7244337100349162,0.8721904138764544,0.5766067252838392,-0.8684207460469346,0.8528661592065425,-0.134413658446985,-0.7756600234356169,0.9688874311632336_0.6126512514675633,-0.5745285942194098,-0.42966965833187526,-0.329314881868213,0.2247248717104647,-0.32657411972887973,1.0212674094383098,-0.879110497302804/-0.676684766200599,0.04660955235652331/28.505843173312478/
8/0.7244337100349162,0.874545884538865,0.5789621959462498,-0.9046579472992887,0.8528661592065425,-0.1706508596993391,-0.811897224687971,0.9712429018256442_0.6294088842989483,-0.6913322104129611,-0.3799980569256544,-0.42506963308509493,0.2261323115078847,-0.18541641354449054,0.9491220117844722,-0.7046979067631218/-0.676684766200599,0.04660955235652331/21.551573992281185/
2/0.5900885035303503,0.6972896979195127,0.39475921672065023,-0.9446290633992354,0.8564590282211276,-0.26524915936012816,-0.8165947661554872,0.9817236776207807_0.6294088842989483,-0.6913322104129611,-0.3799980569256544,-0.42506963308509493,0.2261323115078847,-0.18541641354449054,1.0226748492357298,-0.7976197526446751/-0.676684766200599,0.04660955235652331/21.163863956924853/
4/0.7244337100349162,0.874545884538865,0.49081860304998554,-0.9755332171051433,0.8528661592065425,-0.1706508596993391,-0.811897224687971,0.9712429018256442_0.5742725981953983,-0.7619329454895933,-0.41441011218234847,-0.3813853862350204,0.13564786758019703,-0.2759008574721782,1.0461087673762857,-0.8881041965723627/-0.676684766200599,0.04660955235652331/34.37327721098395/
6/0.7244337100349162,0.874545884538865,0.5789621959462498,-0.9046579472992887,0.8528661592065425,-0.1706508596993391,-0.811897224687971,0.9712429018256442_0.5522577295465253,-0.5415625182632208,-0.41715728431676274,-0.3827928260324404,0.2247248717104647,-0.3140617457137672,1.0212674094383098,-0.9325884414670313/-0.676684766200599,0.04660955235652331/40.154441804399006/
7/0.63169895087538,0.7579442150576109,0.39359725706621435,-0.9623613789986284,0.8520776631314758,-0.2236387120150984,-0.8009807222680038,1.0341411213691294_0.6356203679569011,-0.4756266427403062,-0.33379464590638686,-0.3827928260324404,0.29066074723337926,-0.239731040821328,1.0955981143307492,-0.9325884414670313/-0.676684766200599,0.04660955235652331/17.91013056179257/
Generacion
8/0.63169895087538,0.7579442150576109,0.39359725706621435,-0.9623613789986284,0.8520776631314758,-0.2236387120150984,-0.8009807222680038,1.0341411213691294_0.6294088842989483,-0.6913322104129611,-0.3799980569256544,-0.42506963308509493,0.2261323115078847,-0.18541641354449054,0.9491220117844722,-0.7046979067631218/-0.676684766200599,0.04660955235652331/20.78162121453179/
5/0.7244337100349162,0.9220591566635414,0.5766067252838392,-0.8826703930651968,0.8528661592065425,-0.134413658446985,-0.7756600234356169,0.9688874311632336_0.5522577295465253,-0.5415625182632208,-0.41715728431676274,-0.3827928260324404,0.2247248717104647,-0.3140617457137672,1.0212674094383098,-0.9325884414670313/-0.676684766200599,0.04660955235652331/39.27310666735759/
4/0.7244337100349162,0.874545884538865,0.5789621959462498,-0.9046579472992887,0.8528661592065425,-0.1706508596993391,-0.811897224687971,0.9712429018256442_0.6294088842989483,-0.6913322104129611,-0.4257539437646144,-0.42506963308509493,0.2261323115078847,-0.18541641354449054,1.0226748492357298,-0.801883580038961/-0.676684766200599,0.04660955235652331/22.545623932166784/
6/0.7244337100349162,0.874545884538865,0.5789621959462498,-0.9046579472992887,0.8528661592065425,-0.1706508596993391,-0.811897224687971,0.9712429018256442_0.6356203679569011,-0.4756266427403062,-0.33379464590638686,-0.3827928260324404,0.29066074723337926,-0.239731040821328,1.0955981143307492,-0.9325884414670313/-0.676684766200599,0.04660955235652331/17.84418325193334/
3/0.7244337100349162,0.874545884538865,0.5789621959462498,-0.9046579472992887,0.8528661592065425,-0.1762363371493695,-0.8319434788241681,0.9712429018256442_0.6294088842989483,-0.6913322104129611,-0.3799980569256544,-0.42506963308509493,0.2261323115078847,-0.18541641354449054,1.0226748492357298,-0.7976197526446751/-0.676684766200599,0.04660955235652331/21.174102115464244/
2/0.7244337100349162,0.874545884538865,0.5789621959462498,-0.9046579472992887,0.8528661592065425,-0.1706508596993391,-0.811897224687971,0.9712429018256442_0.6126512514675633,-0.5745285942194098,-0.42966965833187526,-0.329314881868213,0.2247248717104647,-0.32657411972887973,1.0212674094383098,-0.879110497302804/-0.676684766200599,0.04660955235652331/27.046855299370492/
7/0.805830657026824,0.7286892575348193,0.28570768339560315,-0.8449975219869011,0.8301483298835327,-0.3096364162174774,-0.7710576892122101,0.9596623707777509_0.6294088842989483,-0.6913322104129611,-0.3799980569256544,-0.42506963308509493,0.2261323115078847,-0.18541641354449054,0.9491220117844722,-0.7046979067631218/-0.676684766200599,0.04660955235652331/21.265942768504694/
1/0.7609838754115426,0.6548048358308843,0.3721792952122427,-0.7585259101702616,0.7562639081795978,-0.22316480440083783,-0.6845860773955705,0.9596623707777509_0.5868243329907237,-0.5069959148190224,-0.3825906808725643,-0.348226222588242,0.2592914751546631,-0.2794951422695688,1.0901053584750184,-0.8637504924303228/-0.676684766200599,0.04660955235652331/21.550929002273556/
Generacion
8/0.805830657026824,0.7286892575348193,0.28570768339560315,-0.8449975219869011,0.8301483298835327,-0.3096364162174774,-0.7710576892122101,0.9596623707777509_0.7018161290840567,-0.593164939116847,-0.41557767552303404,-0.46064925168247456,0.19055269291050508,-0.2209960321418702,0.8796227624202091,-0.7402775253605015/-0.676684766200599,0.04660955235652331/19.51666205560424/
2/0.63169895087538,0.7579442150576109,0.39359725706621435,-0.9623613789986284,0.8520776631314758,-0.2236387120150984,-0.8009807222680038,1.0341411213691294_0.5868243329907237,-0.5069959148190224,-0.3825906808725643,-0.348226222588242,0.2592914751546631,-0.2794951422695688,1.0901053584750184,-0.8637504924303228/-0.676684766200599,0.04660955235652331/21.304117491598813/
1/0.7244337100349162,0.874545884538865,0.5789621959462498,-0.9046579472992887,0.8528661592065425,-0.1706508596993391,-0.811897224687971,0.9712429018256442_0.5868243329907237,-0.5069959148190224,-0.3825906808725643,-0.348226222588242,0.2592914751546631,-0.2105850703848383,1.083431585213272,-0.8637504924303228/-0.676684766200599,0.04660955235652331/19.446744313404075/
5/0.7609838754115426,0.6548048358308843,0.3721792952122427,-0.7585259101702616,0.7315756122913286,-0.22316480440083783,-0.5923360153110787,0.9596623707777509_0.6294088842989483,-0.6913322104129611,-0.3799980569256544,-0.42506963308509493,0.2261323115078847,-0.18541641354449054,0.9491220117844722,-0.7046979067631218/-0.676684766200599,0.04660955235652331/21.43495531440563/
6/0.63169895087538,0.7579442150576109,0.39359725706621435,-0.9623613789986284,0.8520776631314758,-0.2236387120150984,-0.8009807222680038,1.0341411213691294_0.6294088842989483,-0.6913322104129611,-0.3799980569256544,-0.42506963308509493,0.2868280322123091,-0.18541641354449054,0.8687696501200186,-0.7046979067631218/-0.676684766200599,0.04660955235652331/20.61950017080112/
3/0.7609838754115426,0.6548048358308843,0.3721792952122427,-0.7585259101702616,0.7562639081795978,-0.22316480440083783,-0.6845860773955705,0.9596623707777509_0.5652974538142088,-0.4850736713314192,-0.34324167449749987,-0.3915706954113404,0.28121371864226624,-0.24850891020022797,1.0955981143307492,-0.9413663108459314/-0.676684766200599,0.04660955235652331/21.047065650287223/
7/0.7244337100349162,0.874545884538865,0.5789621959462498,-0.9772202788693528,0.9374778737227624,-0.16534531717840092,-0.8065916821670328,0.8986805702555801_0.5522577295465253,-0.5415625182632208,-0.41715728431676274,-0.3827928260324404,0.2247248717104647,-0.3140617457137672,1.0212674094383098,-0.9325884414670313/-0.676684766200599,0.04660955235652331/42.64271860396878/
4/0.7244337100349162,0.9220591566635414,0.5766067252838392,-0.8826703930651968,0.8528661592065425,-0.134413658446985,-0.7756600234356169,0.9688874311632336_0.6294088842989483,-0.6913322104129611,-0.4257539437646144,-0.42506963308509493,0.2261323115078847,-0.18541641354449054,1.0226748492357298,-0.801883580038961/-0.676684766200599,0.04660955235652331/21.693875577274405/
Generacion
8/0.805830657026824,0.7286892575348193,0.28570768339560315,-0.8449975219869011,0.8301483298835327,-0.3096364162174774,-0.7710576892122101,0.9596623707777509_0.6294088842989483,-0.6913322104129611,-0.3799980569256544,-0.42506963308509493,0.2261323115078847,-0.18541641354449054,0.9491220117844722,-0.7046979067631218/-0.676684766200599,0.04660955235652331/21.461204083761654/
1/0.7609838754115426,0.6548048358308843,0.3721792952122427,-0.7585259101702616,0.7315756122913286,-0.22316480440083783,-0.5923360153110787,0.9596623707777509_0.5868243329907237,-0.5069959148190224,-0.3825906808725643,-0.348226222588242,0.2592914751546631,-0.2794951422695688,1.0901053584750184,-0.8637504924303228/-0.676684766200599,0.04660955235652331/21.38338047470817/
3/0.63169895087538,0.7579442150576109,0.39359725706621435,-0.9623613789986284,0.8520776631314758,-0.2236387120150984,-0.8009807222680038,1.0341411213691294_0.6294088842989483,-0.6913322104129611,-0.3799980569256544,-0.42506963308509493,0.2261323115078847,-0.18541641354449054,0.9491220117844722,-0.7046979067631218/-0.676684766200599,0.04660955235652331/21.192235243952958/
6/0.7609838754115426,0.6548048358308843,0.3721792952122427,-0.7585259101702616,0.7315756122913286,-0.22316480440083783,-0.5923360153110787,0.9596623707777509_0.7018161290840567,-0.593164939116847,-0.41557767552303404,-0.46064925168247456,0.19055269291050508,-0.2209960321418702,0.8796227624202091,-0.7402775253605015/-0.676684766200599,0.04660955235652331/18.95440236607516/
4/0.7609838754115426,0.6548048358308843,0.3721792952122427,-0.7585259101702616,0.7315756122913286,-0.22316480440083783,-0.5923360153110787,0.9596623707777509_0.6294088842989483,-0.6913322104129611,-0.4257539437646144,-0.42506963308509493,0.2261323115078847,-0.18541641354449054,1.0226748492357298,-0.801883580038961/-0.676684766200599,0.04660955235652331/21.592274622943663/
2/0.7244337100349162,0.874545884538865,0.5789621959462498,-0.9046579472992887,0.8528661592065425,-0.1706508596993391,-0.811897224687971,0.9712429018256442_0.6294088842989483,-0.6913322104129611,-0.3799980569256544,-0.42506963308509493,0.2868280322123091,-0.18541641354449054,0.8687696501200186,-0.7046979067631218/-0.676684766200599,0.04660955235652331/20.36121812091318/
7/0.7244337100349162,0.9220591566635414,0.5766067252838392,-0.8826703930651968,0.8528661592065425,-0.134413658446985,-0.7756600234356169,0.9688874311632336_0.7174682131920558,-0.6913322104129611,-0.3799980569256544,-0.42506963308509493,0.27288194536017274,-0.18541641354449054,0.9491220117844722,-0.7046979067631218/-0.676684766200599,0.04660955235652331/17.378982316312023/
5/0.63169895087538,0.7579442150576109,0.39359725706621435,-0.9623613789986284,0.8520776631314758,-0.2236387120150984,-0.8009807222680038,1.0341411213691294_0.4978245010154346,-0.5959957467943114,-0.3316928310740037,-0.2973283727896814,0.3533170420491764,-0.2995849023601274,0.994431753237983,-0.9527503244056118/-0.676684766200599,0.04660955235652331/35.67957103910889/
Generacion
6/0.7609838754115426,0.6548048358308843,0.3721792952122427,-0.7585259101702616,0.7315756122913286,-0.22316480440083783,-0.5923360153110787,0.9596623707777509_0.7174682131920558,-0.6913322104129611,-0.3799980569256544,-0.42506963308509493,0.27288194536017274,-0.18541641354449054,0.9491220117844722,-0.7046979067631218/-0.676684766200599,0.04660955235652331/17.587602784215235/
4/0.7609838754115426,0.610806775533701,0.3721792952122427,-0.7844194091984771,0.7315756122913286,-0.22316480440083783,-0.5923360153110787,0.9596623707777509_0.6294088842989483,-0.6913322104129611,-0.4257539437646144,-0.42506963308509493,0.2261323115078847,-0.18541641354449054,1.0226748492357298,-0.801883580038961/-0.676684766200599,0.04660955235652331/22.658858495243972/
3/0.63169895087538,0.7915268592149356,0.4117668587723083,-1.0003873499598297,0.8702472648375698,-0.2236387120150984,-0.8009807222680038,0.9961151504079282_0.6294088842989483,-0.6913322104129611,-0.3799980569256544,-0.42506963308509493,0.2261323115078847,-0.18541641354449054,0.9491220117844722,-0.7046979067631218/-0.676684766200599,0.04660955235652331/21.418313695030843/
7/0.7609838754115426,0.6548048358308843,0.3721792952122427,-0.7585259101702616,0.7315756122913286,-0.22316480440083783,-0.5923360153110787,0.9596623707777509_0.7018161290840567,-0.593164939116847,-0.41557767552303404,-0.46064925168247456,0.19055269291050508,-0.2209960321418702,0.8796227624202091,-0.7402775253605015/-0.676684766200599,0.04660955235652331/19.159180235478747/
2/0.7244337100349162,0.9220591566635414,0.5766067252838392,-0.8826703930651968,0.8528661592065425,-0.134413658446985,-0.7756600234356169,0.9688874311632336_0.4978245010154346,-0.5959957467943114,-0.3316928310740037,-0.2973283727896814,0.3533170420491764,-0.2995849023601274,0.994431753237983,-0.9527503244056118/-0.676684766200599,0.04660955235652331/36.148465071703214/
8/0.7244337100349162,0.9220591566635414,0.5766067252838392,-0.8826703930651968,0.8528661592065425,-0.134413658446985,-0.7756600234356169,0.9688874311632336_0.7018161290840567,-0.593164939116847,-0.41557767552303404,-0.46064925168247456,0.19055269291050508,-0.2209960321418702,0.8796227624202091,-0.7603982717871495/-0.676684766200599,0.04660955235652331/19.649878209041862/
1/0.805830657026824,0.7286892575348193,0.28570768339560315,-0.8449975219869011,0.8301483298835327,-0.3096364162174774,-0.7710576892122101,0.9596623707777509_0.4978245010154346,-0.5959957467943114,-0.3316928310740037,-0.2973283727896814,0.3533170420491764,-0.2995849023601274,0.994431753237983,-0.9527503244056118/-0.676684766200599,0.04660955235652331/37.86083965634446/
5/0.63169895087538,0.7579442150576109,0.39359725706621435,-0.9623613789986284,0.8520776631314758,-0.2236387120150984,-0.8009807222680038,1.0341411213691294_0.7174682131920558,-0.6913322104129611,-0.3799980569256544,-0.42506963308509493,0.27288194536017274,-0.18541641354449054,0.9491220117844722,-0.7046979067631218/-0.676684766200599,0.04660955235652331/17.33683537677547/
Generacion
6/0.7609838754115426,0.610806775533701,0.3721792952122427,-0.7844194091984771,0.7315756122913286,-0.22316480440083783,-0.5923360153110787,0.9596623707777509_0.4978245010154346,-0.5959957467943114,-0.3316928310740037,-0.2973283727896814,0.3533170420491764,-0.2995849023601274,0.994431753237983,-0.9527503244056118/-0.676684766200599,0.04660955235652331/36.953813964846915/
5/0.805830657026824,0.6612094848236213,0.28570768339560315,-0.8449975219869011,0.8301483298835327,-0.3096364162174774,-0.7710576892122101,0.9596623707777509_0.7174682131920558,-0.6913322104129611,-0.3799980569256544,-0.42506963308509493,0.27288194536017274,-0.18541641354449054,0.9491220117844722,-0.7046979067631218/-0.676684766200599,0.04660955235652331/17.745932687333184/
2/0.63169895087538,0.7579442150576109,0.39359725706621435,-0.9623613789986284,0.8520776631314758,-0.2236387120150984,-0.8009807222680038,1.0341411213691294_0.4978245010154346,-0.5959957467943114,-0.3316928310740037,-0.2973283727896814,0.3533170420491764,-0.2995849023601274,0.994431753237983,-0.9527503244056118/-0.676684766200599,0.04660955235652331/34.9008566439549/
4/0.7244337100349162,0.9220591566635414,0.5766067252838392,-0.8826703930651968,0.8528661592065425,-0.134413658446985,-0.7756600234356169,0.9688874311632336_0.6294088842989483,-0.6913322104129611,-0.4257539437646144,-0.42506963308509493,0.2261323115078847,-0.18541641354449054,1.0226748492357298,-0.801883580038961/-0.676684766200599,0.04660955235652331/22.374311301999086/
1/0.7244337100349162,0.9220591566635414,0.5766067252838392,-0.8826703930651968,0.8528661592065425,-0.134413658446985,-0.7756600234356169,0.9688874311632336_0.7174682131920558,-0.6913322104129611,-0.3799980569256544,-0.42506963308509493,0.27288194536017274,-0.18541641354449054,0.9491220117844722,-0.7046979067631218/-0.676684766200599,0.04660955235652331/17.4876653302323/
8/0.805830657026824,0.7286892575348193,0.28570768339560315,-0.8449975219869011,0.8301483298835327,-0.3096364162174774,-0.7710576892122101,0.9596623707777509_0.6294088842989483,-0.6913322104129611,-0.4257539437646144,-0.42506963308509493,0.2261323115078847,-0.18541641354449054,1.0226748492357298,-0.801883580038961/-0.676684766200599,0.04660955235652331/22.634129683527842/
7/0.7609838754115426,0.610806775533701,0.3721792952122427,-0.7844194091984771,0.7315756122913286,-0.22316480440083783,-0.5923360153110787,0.9596623707777509_0.4978245010154346,-0.5959957467943114,-0.3316928310740037,-0.2973283727896814,0.3533170420491764,-0.2995849023601274,0.994431753237983,-0.9527503244056118/-0.676684766200599,0.04660955235652331/36.05213918366634/
3/0.7609838754115426,0.6548048358308843,0.3721792952122427,-0.7585259101702616,0.7315756122913286,-0.22316480440083783,-0.5923360153110787,0.9596623707777509_0.4978245010154346,-0.5959957467943114,-0.3316928310740037,-0.2973283727896814,0.3533170420491764,-0.2995849023601274,0.994431753237983,-0.9527503244056118/-0.676684766200599,0.04660955235652331/35.756128732172336/
Generacion
8/0.63169895087538,0.7579442150576109,0.39359725706621435,-0.9623613789986284,0.8520776631314758,-0.2236387120150984,-0.8009807222680038,1.0341411213691294_0.6294088842989483,-0.6913322104129611,-0.4257539437646144,-0.42506963308509493,0.2261323115078847,-0.18541641354449054,1.0226748492357298,-0.801883580038961/-0.676684766200599,0.04660955235652331/22.479657053751577/
5/0.7609838754115426,0.610806775533701,0.3721792952122427,-0.7844194091984771,0.7315756122913286,-0.22316480440083783,-0.5923360153110787,0.9596623707777509_0.7174682131920558,-0.6913322104129611,-0.3799980569256544,-0.42506963308509493,0.27288194536017274,-0.18541641354449054,0.9491220117844722,-0.7046979067631218/-0.676684766200599,0.04660955235652331/17.30975887847408/
2/0.7244337100349162,0.9220591566635414,0.5766067252838392,-0.8826703930651968,0.8528661592065425,-0.134413658446985,-0.7756600234356169,0.9688874311632336_0.4978245010154346,-0.5959957467943114,-0.3316928310740037,-0.2973283727896814,0.3533170420491764,-0.2995849023601274,0.994431753237983,-0.9527503244056118/-0.676684766200599,0.04660955235652331/34.5701429132863/
1/0.63169895087538,0.7579442150576109,0.39359725706621435,-0.9623613789986284,0.8520776631314758,-0.2236387120150984,-0.8009807222680038,1.0341411213691294_0.7174682131920558,-0.7262865189660629,-0.3799980569256544,-0.36221105782736607,0.27288194536017274,-0.18541641354449054,0.9491220117844722,-0.7046979067631218/-0.676684766200599,0.04660955235652331/17.163862404751313/
4/0.805830657026824,0.6612094848236213,0.28570768339560315,-0.8449975219869011,0.8301483298835327,-0.3096364162174774,-0.7710576892122101,0.9596623707777509_0.4978245010154346,-0.5959957467943114,-0.3316928310740037,-0.2973283727896814,0.3533170420491764,-0.2995849023601274,0.994431753237983,-0.9527503244056118/-0.676684766200599,0.04660955235652331/36.41611384186665/
3/0.805830657026824,0.6612094848236213,0.25065992059242487,-0.9174454629342795,0.8301483298835327,-0.4083509592650198,-0.8697722322597524,0.9596623707777509_0.4978245010154346,-0.5959957467943114,-0.3316928310740037,-0.2973283727896814,0.3533170420491764,-0.2995849023601274,0.994431753237983,-0.9527503244056118/-0.676684766200599,0.04660955235652331/34.38322094358707/
7/0.7609838754115426,0.6548048358308843,0.3721792952122427,-0.7585259101702616,0.7315756122913286,-0.22316480440083783,-0.5923360153110787,0.9596623707777509_0.7174682131920558,-0.6913322104129611,-0.3799980569256544,-0.42506963308509493,0.27288194536017274,-0.18541641354449054,0.9491220117844722,-0.7046979067631218/-0.676684766200599,0.04660955235652331/17.465339454880294/
6/0.7244337100349162,0.9220591566635414,0.5766067252838392,-0.8826703930651968,0.8528661592065425,-0.134413658446985,-0.7756600234356169,0.9688874311632336_0.4978245010154346,-0.5959957467943114,-0.3316928310740037,-0.2973283727896814,0.3533170420491764,-0.2995849023601274,0.994431753237983,-0.9527503244056118/-0.676684766200599,0.04660955235652331/36.291413631034864/
Generacion
1/0.7609838754115426,0.610806775533701,0.3721792952122427,-0.7844194091984771,0.7315756122913286,-0.22316480440083783,-0.5923360153110787,0.9596623707777509_0.4978245010154346,-0.5959957467943114,-0.3316928310740037,-0.2973283727896814,0.3533170420491764,-0.2995849023601274,0.994431753237983,-0.9527503244056118/-0.676684766200599,0.04660955235652331/35.127796563791144/
2/0.805830657026824,0.6612094848236213,0.25065992059242487,-0.9174454629342795,0.8301483298835327,-0.4083509592650198,-0.8697722322597524,0.9596623707777509_0.6294088842989483,-0.6913322104129611,-0.4257539437646144,-0.42506963308509493,0.2261323115078847,-0.18541641354449054,1.0226748492357298,-0.801883580038961/-0.676684766200599,0.04660955235652331/21.899673048910202/
8/0.7244337100349162,0.9220591566635414,0.5766067252838392,-0.8826703930651968,0.8528661592065425,-0.134413658446985,-0.7756600234356169,0.9688874311632336_0.4978245010154346,-0.5959957467943114,-0.3316928310740037,-0.2973283727896814,0.3533170420491764,-0.2995849023601274,0.994431753237983,-0.9527503244056118/-0.676684766200599,0.04660955235652331/35.95042675872526/
7/0.7244337100349162,0.9220591566635414,0.5766067252838392,-0.8826703930651968,0.8528661592065425,-0.134413658446985,-0.7756600234356169,0.9688874311632336_0.4978245010154346,-0.5959957467943114,-0.3316928310740037,-0.2973283727896814,0.3533170420491764,-0.2995849023601274,0.994431753237983,-0.9527503244056118/-0.676684766200599,0.04660955235652331/37.24255377283301/
6/0.7244337100349162,0.9220591566635414,0.5766067252838392,-0.8826703930651968,0.8528661592065425,-0.134413658446985,-0.7756600234356169,0.9688874311632336_0.4978245010154346,-0.5959957467943114,-0.3316928310740037,-0.2973283727896814,0.3533170420491764,-0.2995849023601274,0.994431753237983,-0.9527503244056118/-0.676684766200599,0.04660955235652331/32.718795440717756/
3/0.7244337100349162,0.9220591566635414,0.5766067252838392,-0.8826703930651968,0.8528661592065425,-0.134413658446985,-0.7756600234356169,0.9688874311632336_0.7174682131920558,-0.6913322104129611,-0.3799980569256544,-0.42506963308509493,0.27288194536017274,-0.18541641354449054,0.9491220117844722,-0.7046979067631218/-0.676684766200599,0.04660955235652331/17.34349669144429/
5/0.63169895087538,0.7579442150576109,0.39359725706621435,-0.9623613789986284,0.8520776631314758,-0.2236387120150984,-0.8009807222680038,1.0341411213691294_0.4093924066826964,-0.6844278411270496,-0.3316928310740037,-0.2973283727896814,0.3533170420491764,-0.31087359468839054,0.994431753237983,-0.8983473149695453/-0.676684766200599,0.04660955235652331/39.47938689816971/
4/0.7244337100349162,0.9220591566635414,0.5766067252838392,-0.8826703930651968,0.8528661592065425,-0.134413658446985,-0.7756600234356169,0.9688874311632336_0.4978245010154346,-0.5959957467943114,-0.3316928310740037,-0.2973283727896814,0.3533170420491764,-0.2995849023601274,0.994431753237983,-0.9527503244056118/-0.676684766200599,0.04660955235652331/37.21049649775979/
Generacion
7/0.63169895087538,0.7579442150576109,0.39359725706621435,-0.9623613789986284,0.8520776631314758,-0.2236387120150984,-0.8009807222680038,1.0341411213691294_0.4978245010154346,-0.5959957467943114,-0.3316928310740037,-0.2973283727896814,0.3533170420491764,-0.2995849023601274,0.994431753237983,-0.9527503244056118/-0.676684766200599,0.04660955235652331/37.700289130197/
3/0.7244337100349162,0.9220591566635414,0.5766067252838392,-0.8826703930651968,0.8528661592065425,-0.134413658446985,-0.7756600234356169,0.9688874311632336_0.4978245010154346,-0.5959957467943114,-0.3316928310740037,-0.2973283727896814,0.3533170420491764,-0.2995849023601274,0.994431753237983,-0.9527503244056118/-0.676684766200599,0.04660955235652331/34.977675485831085/
8/0.7244337100349162,0.9220591566635414,0.5766067252838392,-0.8826703930651968,0.8528661592065425,-0.134413658446985,-0.7756600234356169,0.9688874311632336_0.4978245010154346,-0.5959957467943114,-0.3316928310740037,-0.2973283727896814,0.3533170420491764,-0.2995849023601274,0.994431753237983,-0.9527503244056118/-0.676684766200599,0.04660955235652331/33.78018351440099/
1/0.7244337100349162,0.9220591566635414,0.5766067252838392,-0.8826703930651968,0.8528661592065425,-0.134413658446985,-0.7756600234356169,0.9688874311632336_0.4978245010154346,-0.5959957467943114,-0.3316928310740037,-0.2973283727896814,0.3533170420491764,-0.2995849023601274,0.994431753237983,-0.9527503244056118/-0.676684766200599,0.04660955235652331/35.44259445012227/
2/0.7244337100349162,0.9220591566635414,0.5766067252838392,-0.8826703930651968,0.8528661592065425,-0.134413658446985,-0.7756600234356169,0.9688874311632336_0.4978245010154346,-0.5959957467943114,-0.3316928310740037,-0.2973283727896814,0.3533170420491764,-0.2995849023601274,0.994431753237983,-0.9527503244056118/-0.676684766200599,0.04660955235652331/35.86679591464877/
5/0.7244337100349162,0.9220591566635414,0.5766067252838392,-0.8826703930651968,0.8528661592065425,-0.134413658446985,-0.7756600234356169,0.9688874311632336_0.4978245010154346,-0.5959957467943114,-0.3316928310740037,-0.2973283727896814,0.3533170420491764,-0.2995849023601274,0.994431753237983,-0.9527503244056118/-0.676684766200599,0.04660955235652331/35.2581800354182/
4/0.7244337100349162,0.9220591566635414,0.5766067252838392,-0.8826703930651968,0.8528661592065425,-0.134413658446985,-0.7756600234356169,0.9688874311632336_0.4093924066826964,-0.6844278411270496,-0.28169108066687476,-0.2973283727896814,0.2646596409074228,-0.31087359468839054,0.994431753237983,-0.8483455645624164/-0.676684766200599,0.04660955235652331/35.771835107241614/
6/0.7244337100349162,0.9220591566635414,0.5766067252838392,-0.8826703930651968,0.8528661592065425,-0.134413658446985,-0.7756600234356169,0.9688874311632336_0.4978245010154346,-0.5959957467943114,-0.3316928310740037,-0.2973283727896814,0.3533170420491764,-0.2995849023601274,0.994431753237983,-0.9527503244056118/-0.676684766200599,0.04660955235652331/36.94404702782251/
Generacion
7/0.7244337100349162,0.9220591566635414,0.5766067252838392,-0.8826703930651968,0.8528661592065425,-0.134413658446985,-0.7756600234356169,0.9688874311632336_0.4978245010154346,-0.5959957467943114,-0.3316928310740037,-0.2973283727896814,0.3533170420491764,-0.2995849023601274,0.994431753237983,-0.9527503244056118/-0.676684766200599,0.04660955235652331/37.19490568763418/
2/0.7244337100349162,0.9220591566635414,0.5766067252838392,-0.8826703930651968,0.8528661592065425,-0.134413658446985,-0.7756600234356169,0.9688874311632336_0.4978245010154346,-0.5959957467943114,-0.3316928310740037,-0.2973283727896814,0.3533170420491764,-0.2995849023601274,0.994431753237983,-0.9527503244056118/-0.676684766200599,0.04660955235652331/37.235199964207574/
5/0.8184459600790805,0.951377454318118,0.6706189753280035,-0.9329798659173482,0.8025566863543911,-0.1847231312991364,-0.8259694962877683,1.0628996812073979_0.4978245010154346,-0.5663660132440387,-0.3316928310740037,-0.2973283727896814,0.3533170420491764,-0.2995849023601274,0.994431753237983,-0.9527503244056118/-0.676684766200599,0.04660955235652331/32.25755246834268/
3/0.7244337100349162,0.9220591566635414,0.5766067252838392,-0.8826703930651968,0.8528661592065425,-0.134413658446985,-0.7756600234356169,0.9688874311632336_0.4978245010154346,-0.5959957467943114,-0.3316928310740037,-0.2973283727896814,0.3533170420491764,-0.2995849023601274,0.994431753237983,-0.9527503244056118/-0.676684766200599,0.04660955235652331/35.20347003686819/
6/0.7244337100349162,0.9220591566635414,0.5766067252838392,-0.8826703930651968,0.8528661592065425,-0.134413658446985,-0.7756600234356169,0.9688874311632336_0.4978245010154346,-0.5959957467943114,-0.3316928310740037,-0.2973283727896814,0.3533170420491764,-0.2995849023601274,0.994431753237983,-0.9527503244056118/-0.676684766200599,0.04660955235652331/36.776906344823935/
4/0.7244337100349162,0.9220591566635414,0.5766067252838392,-0.8826703930651968,0.8528661592065425,-0.134413658446985,-0.7756600234356169,0.9688874311632336_0.4978245010154346,-0.5959957467943114,-0.3316928310740037,-0.2973283727896814,0.3533170420491764,-0.2995849023601274,0.994431753237983,-0.9527503244056118/-0.676684766200599,0.04660955235652331/37.01433016585144/
8/0.7244337100349162,0.9220591566635414,0.5766067252838392,-0.8826703930651968,0.8528661592065425,-0.134413658446985,-0.7756600234356169,0.9688874311632336_0.4978245010154346,-0.5959957467943114,-0.3316928310740037,-0.2973283727896814,0.3533170420491764,-0.2995849023601274,0.994431753237983,-0.9527503244056118/-0.676684766200599,0.04660955235652331/35.28307985197986/
1/0.7244337100349162,0.9220591566635414,0.5766067252838392,-0.8826703930651968,0.8528661592065425,-0.134413658446985,-0.7756600234356169,0.9688874311632336_0.4978245010154346,-0.5959957467943114,-0.3316928310740037,-0.2973283727896814,0.3533170420491764,-0.2995849023601274,0.994431753237983,-0.9527503244056118/-0.676684766200599,0.04660955235652331/37.162288064501844/
Generacion
5/0.7244337100349162,0.9220591566635414,0.5766067252838392,-0.8826703930651968,0.8528661592065425,-0.134413658446985,-0.7756600234356169,0.9688874311632336_0.4978245010154346,-0.5959957467943114,-0.3316928310740037,-0.2973283727896814,0.3533170420491764,-0.2995849023601274,0.994431753237983,-0.9527503244056118/-0.676684766200599,0.04660955235652331/35.994955276030446/
2/0.7244337100349162,0.9220591566635414,0.5766067252838392,-0.8826703930651968,0.8528661592065425,-0.134413658446985,-0.7756600234356169,0.9688874311632336_0.4978245010154346,-0.5959957467943114,-0.3316928310740037,-0.2973283727896814,0.3533170420491764,-0.2995849023601274,0.994431753237983,-0.9527503244056118/-0.676684766200599,0.04660955235652331/35.922238021757394/
3/0.7244337100349162,0.9220591566635414,0.5766067252838392,-0.8826703930651968,0.8528661592065425,-0.134413658446985,-0.7756600234356169,0.9688874311632336_0.4978245010154346,-0.5959957467943114,-0.3316928310740037,-0.2973283727896814,0.3533170420491764,-0.2995849023601274,0.994431753237983,-0.9527503244056118/-0.676684766200599,0.04660955235652331/35.146560490776096/
6/0.7244337100349162,0.9220591566635414,0.5766067252838392,-0.8826703930651968,0.8528661592065425,-0.134413658446985,-0.7756600234356169,0.9688874311632336_0.4978245010154346,-0.5959957467943114,-0.3316928310740037,-0.2973283727896814,0.3533170420491764,-0.2995849023601274,0.994431753237983,-0.9527503244056118/-0.676684766200599,0.04660955235652331/34.7234630150886/
4/0.7244337100349162,0.9220591566635414,0.5766067252838392,-0.8826703930651968,0.8528661592065425,-0.134413658446985,-0.7756600234356169,0.9688874311632336_0.4978245010154346,-0.5959957467943114,-0.3316928310740037,-0.2973283727896814,0.3533170420491764,-0.2995849023601274,0.994431753237983,-0.9527503244056118/-0.676684766200599,0.04660955235652331/34.908347400987175/
1/0.7244337100349162,0.9220591566635414,0.5766067252838392,-0.8826703930651968,0.8528661592065425,-0.134413658446985,-0.7756600234356169,0.9688874311632336_0.4978245010154346,-0.5959957467943114,-0.3316928310740037,-0.2973283727896814,0.3533170420491764,-0.2995849023601274,0.994431753237983,-0.9527503244056118/-0.676684766200599,0.04660955235652331/36.76520072866558/
7/0.7244337100349162,0.9220591566635414,0.5766067252838392,-0.8826703930651968,0.8528661592065425,-0.134413658446985,-0.7756600234356169,0.9688874311632336_0.4978245010154346,-0.5959957467943114,-0.3316928310740037,-0.2973283727896814,0.3533170420491764,-0.2995849023601274,0.994431753237983,-0.9527503244056118/-0.676684766200599,0.04660955235652331/36.8628657488023/
8/0.7244337100349162,0.9220591566635414,0.5766067252838392,-0.8826703930651968,0.8528661592065425,-0.134413658446985,-0.7756600234356169,0.9688874311632336_0.4978245010154346,-0.5959957467943114,-0.3316928310740037,-0.2973283727896814,0.3533170420491764,-0.2995849023601274,0.994431753237983,-0.9527503244056118/-0.676684766200599,0.04660955235652331/35.30415772084668/
Generacion
4/0.7244337100349162,0.9220591566635414,0.5766067252838392,-0.8826703930651968,0.8528661592065425,-0.134413658446985,-0.7756600234356169,0.9688874311632336_0.4978245010154346,-0.5959957467943114,-0.3316928310740037,-0.2973283727896814,0.3533170420491764,-0.2995849023601274,0.994431753237983,-0.9527503244056118/-0.676684766200599,0.04660955235652331/36.05648746499095/
1/0.7244337100349162,0.9220591566635414,0.5766067252838392,-0.8826703930651968,0.8528661592065425,-0.134413658446985,-0.7756600234356169,0.9688874311632336_0.4978245010154346,-0.5959957467943114,-0.3316928310740037,-0.2973283727896814,0.3533170420491764,-0.2995849023601274,0.994431753237983,-0.9527503244056118/-0.676684766200599,0.04660955235652331/34.09888161933867/
3/0.7244337100349162,0.9220591566635414,0.5766067252838392,-0.8826703930651968,0.8528661592065425,-0.134413658446985,-0.7756600234356169,0.9688874311632336_0.4978245010154346,-0.5959957467943114,-0.3316928310740037,-0.2973283727896814,0.3533170420491764,-0.2995849023601274,0.994431753237983,-0.9527503244056118/-0.676684766200599,0.04660955235652331/35.62613508915997/
8/0.7244337100349162,0.9220591566635414,0.5766067252838392,-0.8826703930651968,0.8528661592065425,-0.134413658446985,-0.7756600234356169,0.9688874311632336_0.4978245010154346,-0.5959957467943114,-0.3316928310740037,-0.2973283727896814,0.3533170420491764,-0.2995849023601274,0.994431753237983,-0.9527503244056118/-0.676684766200599,0.04660955235652331/36.96227285697486/
7/0.7244337100349162,0.9220591566635414,0.5766067252838392,-0.8826703930651968,0.8528661592065425,-0.134413658446985,-0.7756600234356169,0.9688874311632336_0.4978245010154346,-0.5959957467943114,-0.3316928310740037,-0.2973283727896814,0.3533170420491764,-0.2995849023601274,0.994431753237983,-0.9527503244056118/-0.676684766200599,0.04660955235652331/34.96118773323247/
6/0.7244337100349162,0.9220591566635414,0.5766067252838392,-0.8826703930651968,0.8528661592065425,-0.134413658446985,-0.7756600234356169,0.9688874311632336_0.4978245010154346,-0.5959957467943114,-0.3316928310740037,-0.2973283727896814,0.3533170420491764,-0.2995849023601274,0.994431753237983,-0.9527503244056118/-0.676684766200599,0.04660955235652331/35.60039442607458/
5/0.7244337100349162,0.9220591566635414,0.5766067252838392,-0.8826703930651968,0.8528661592065425,-0.134413658446985,-0.7756600234356169,0.9688874311632336_0.4978245010154346,-0.5959957467943114,-0.3316928310740037,-0.2973283727896814,0.3533170420491764,-0.2995849023601274,0.994431753237983,-0.9527503244056118/-0.676684766200599,0.04660955235652331/35.323590857868176/
2/0.7244337100349162,0.9220591566635414,0.5766067252838392,-0.8826703930651968,0.8528661592065425,-0.134413658446985,-0.7756600234356169,0.9688874311632336_0.4978245010154346,-0.5959957467943114,-0.3316928310740037,-0.2973283727896814,0.3533170420491764,-0.2995849023601274,0.994431753237983,-0.9527503244056118/-0.676684766200599,0.04660955235652331/35.25109347898707/
Generacion
7/0.7244337100349162,0.9220591566635414,0.5766067252838392,-0.8826703930651968,0.8528661592065425,-0.134413658446985,-0.7756600234356169,0.9688874311632336_0.4978245010154346,-0.5959957467943114,-0.3316928310740037,-0.2973283727896814,0.3533170420491764,-0.2995849023601274,0.994431753237983,-0.9527503244056118/-0.676684766200599,0.04660955235652331/34.50891306419277/
2/0.7244337100349162,0.9220591566635414,0.5766067252838392,-0.8826703930651968,0.8528661592065425,-0.134413658446985,-0.7756600234356169,0.9688874311632336_0.4978245010154346,-0.5959957467943114,-0.3316928310740037,-0.2973283727896814,0.3533170420491764,-0.2995849023601274,0.994431753237983,-0.9527503244056118/-0.676684766200599,0.04660955235652331/36.18077500740468/
8/0.7244337100349162,0.9220591566635414,0.5766067252838392,-0.8826703930651968,0.8528661592065425,-0.134413658446985,-0.7756600234356169,0.9688874311632336_0.4978245010154346,-0.5959957467943114,-0.3316928310740037,-0.2973283727896814,0.3533170420491764,-0.2995849023601274,0.994431753237983,-0.9527503244056118/-0.676684766200599,0.04660955235652331/34.68016889908169/
5/0.7244337100349162,0.9220591566635414,0.5766067252838392,-0.8826703930651968,0.8528661592065425,-0.134413658446985,-0.7756600234356169,0.9688874311632336_0.4978245010154346,-0.5959957467943114,-0.3316928310740037,-0.2973283727896814,0.3533170420491764,-0.2995849023601274,0.994431753237983,-0.9527503244056118/-0.676684766200599,0.04660955235652331/37.68900687582386/
4/0.7244337100349162,0.9220591566635414,0.5766067252838392,-0.8826703930651968,0.8528661592065425,-0.134413658446985,-0.7756600234356169,0.9688874311632336_0.4978245010154346,-0.5959957467943114,-0.3316928310740037,-0.2973283727896814,0.3533170420491764,-0.2995849023601274,0.994431753237983,-0.9527503244056118/-0.676684766200599,0.04660955235652331/35.80724589890321/
1/0.7244337100349162,0.9220591566635414,0.5766067252838392,-0.8826703930651968,0.8528661592065425,-0.134413658446985,-0.7756600234356169,0.9688874311632336_0.4978245010154346,-0.5959957467943114,-0.3316928310740037,-0.2973283727896814,0.3533170420491764,-0.2995849023601274,0.994431753237983,-0.9527503244056118/-0.676684766200599,0.04660955235652331/36.98479234307717/
3/0.6414005978707203,0.9220591566635414,0.4935736131196433,-0.8735308044484774,0.8528661592065425,-0.134413658446985,-0.7665204348188975,1.0644564482820529_0.4978245010154346,-0.5959957467943114,-0.3316928310740037,-0.2973283727896814,0.3533170420491764,-0.2995849023601274,0.994431753237983,-0.9527503244056118/-0.676684766200599,0.04660955235652331/36.08658866941197/
6/0.7244337100349162,0.9220591566635414,0.5766067252838392,-0.8826703930651968,0.8528661592065425,-0.134413658446985,-0.7756600234356169,0.9688874311632336_0.4978245010154346,-0.5959957467943114,-0.3316928310740037,-0.2973283727896814,0.3533170420491764,-0.2995849023601274,0.994431753237983,-0.9527503244056118/-0.676684766200599,0.04660955235652331/35.444340749007594/
